LipidIon	[c-1]:c9_pos.raw	[c-3]:c8_pos.raw	[c-5]:c6_pos.raw	[c-7]:c5_pos.raw	[c-9]:c4_pos.raw	[c-11]:c7_pos.raw	[c-13]:c3_pos.raw	[c-15]:c2_pos_180216225817.raw	[c-18]:c10_pos.raw	[c-21]:c1_pos_180216221017.raw	[s1-1]:A7_pos1.raw	[s1-2]:A6_pos1.raw	[s1-4]:A5_pos1.raw	[s1-7]:A4_Pos.raw	[s1-8]:A3_pos.raw	[s1-10]:A2_pos.raw	[s1-12]:A1_pos.raw	[s2-1]:Y9_pos.raw	[s2-3]:Y8_pos.raw	[s2-5]:Y7_pos.raw	[s2-7]:Y6_pos.raw	[s2-9]:Y5_pos.raw	[s2-11]:Y4_pos.raw	[s2-13]:Y3_pos.raw	[s2-15]:Y2_pos.raw	[s2-20]:Y1_pos.raw
TG(16:0_18:1_18:3)+H	0.0182	0.0188	0.0352	0.0171	0.0173	0.0159	0.0105	0.0214	0.0161	0.0307	0.0273	0.0311	0.0134	0.0487	0.0387	0.0172	0.0154	0.0193	0.0187	0.0239	0.0321	0.0286	0.0249	0.0231	0.0217	0.0229
TG(16:0_16:0_20:5)+H	0.0411	0.0337	0.0702	0.0266	0.026	0.0255	0.0176	0.0457	0.0277	0.0525	0.042	0.0559	0.0134	0.0825	0.0598	0.0229	0.0179	0.0333	0.0291	0.0432	0.0683	0.0489	0.0546	0.0342	0.0409	0.0302
TG(16:0_18:1_20:5)+H	0.1876	0.1609	0.18	0.136	0.1164	0.1212	0.0859	0.222	0.139	0.2216	0.2062	0.2741	0.0674	0.4183	0.2877	0.1408	0.1006	0.1456	0.1419	0.1742	0.201	0.2264	0.22	0.1744	0.1601	0.1453
TG(16:0_14:0_16:0)+NH4	0.0086	0.0087	0.0104	0.0081	0.008	0.0084	0.0082	0.0085	0.0116	0.0103	0.0093	0.0109	0.0083	0.012	0.0102	0.0071	0.0078	0.008	0.0073	0.0079	0.0438	0.0105	0.0099	0.0098	0.0106	0.0086
TG(16:0_16:1_14:0)+NH4	0.0109	0.0098	0.0178	0.0076	0.0066	0.0085	0.0061	0.0121	0.0081	0.0189	0.0165	0.0234	0.005	0.0471	0.0249	0.0074	0.0058	0.0099	0.0064	0.0125	0.0628	0.0157	0.0173	0.0112	0.0106	0.0106
TG(15:0_16:1_16:0)+NH4	0.0108	0.0114	0.0145	0.0093	0.0086	0.0099	0.0082	0.0107	0.011	0.0143	0.0101	0.0106	0.0079	0.0155	0.0111	0.007	0.007	0.01	0.0083	0.0117	0.0681	0.012	0.0134	0.0105	0.0125	0.0096
TG(16:1_16:1_15:0)+NH4	0.0053	0.0052	0.0069	0.0042	0.0032	0.004	0.0029	0.0055	0.0037	0.0071	0.0051	0.0065	0.0022	0.0125	0.0064	0.0026	0.0023	0.0041	0.0029	0.0067	0.0342	0.0057	0.0079	0.0051	0.0056	0.0056
TG(16:0_16:0_16:0)+NH4	0.0403	0.0421	0.0696	0.0377	0.038	0.0339	0.0279	0.0407	0.0329	0.0841	0.0486	0.0575	0.0244	0.1428	0.0827	0.0272	0.0277	0.0425	0.0342	0.0516	0.1281	0.0571	0.0585	0.0593	0.0482	0.0528
TG(18:1_14:0_16:0)+NH4	0.0475	0.0401	0.0962	0.0269	0.0225	0.0281	0.0166	0.0514	0.0258	0.0721	0.0573	0.0861	0.0132	0.1809	0.1082	0.0251	0.0179	0.0388	0.0249	0.0487	0.1102	0.0608	0.0695	0.0396	0.0448	0.036
TG(16:1_14:0_18:1)+NH4	0.0587	0.0556	0.1346	0.03	0.0251	0.0301	0.0153	0.0744	0.0228	0.1075	0.0741	0.1239	0.0091	0.2844	0.1471	0.0278	0.0156	0.0515	0.0293	0.0783	0.1813	0.0864	0.1172	0.0482	0.0558	0.0436
TG(16:1_16:1_16:1)+NH4	0.0096	0.0093	0.0132	0.0044	0.004	0.0036	0.0018	0.0109	0.0027	0.0236	0.0147	0.0314	0.0008	0.1072	0.0418	0.0042	0.0019	0.0087	0.0037	0.0141	0.037	0.0156	0.0219	0.0091	0.0077	0.0092
TG(16:0_14:1_18:2)+NH4	0.0054	0.0047	0.0082	0.0035	0.0031	0.0027	0.0014	0.005	0.0019	0.0135	0.0082	0.0162	0.001	0.0513	0.0258	0.0038	0.0016	0.0055	0.0021	0.0107	0.0163	0.0074	0.0107	0.007	0.0042	0.0067
TG(15:0_18:1_16:0)+NH4	0.0433	0.0519	0.0819	0.0341	0.0297	0.0325	0.0183	0.0503	0.0238	0.0916	0.0391	0.0469	0.0133	0.1123	0.0579	0.0166	0.0136	0.0438	0.0235	0.0577	0.1182	0.0437	0.0822	0.0498	0.0558	0.0418
TG(16:0_16:0_18:0)+NH4	0.0604	0.0605	0.08	0.0553	0.0505	0.0513	0.039	0.062	0.0501	0.1162	0.0773	0.1119	0.034	0.3194	0.1551	0.0484	0.0418	0.0616	0.0478	0.0671	0.1811	0.0739	0.0826	0.0807	0.0665	0.0762
TG(16:0e_16:0_18:0)+NH4	0.0013	0.0021	0.0016	0.0009	0.0013	0.0005	0.0002	0.0011	0.0005	0.0019	0.0012	0.0012	0.0009	0.0032	0.0023	0.0003	0.0004	0.0012	0.0017	0.0037	0.0027	0.0026	0.005	0.0044	0.0025	0.0017
TG(16:0_18:1_16:0)+NH4	0.2937	0.2627	0.6296	0.2276	0.2056	0.182	0.1042	0.392	0.1441	0.7267	0.4431	0.6182	0.1071	1.6343	0.8908	0.1921	0.1237	0.3114	0.182	0.4753	0.5464	0.3983	0.5023	0.3342	0.2869	0.3674
TG(16:0e_16:0_18:1)+NH4	0.0031	0.0042	0.0037	0.002	0.0031	0.001	0.0005	0.0021	0.0008	0.0043	0.0023	0.0019	0.0021	0.004	0.0039	0.0004	0.0004	0.0033	0.0024	0.0128	0.0059	0.004	0.0107	0.0094	0.0043	0.0037
TG(16:1_18:1_16:0)+NH4	0.5814	0.4978	1.0712	0.3383	0.3164	0.2927	0.1624	0.7584	0.259	1.0136	0.6307	0.9502	0.1127	2.3286	1.278	0.258	0.1711	0.4673	0.3434	0.7321	1.0392	0.7302	0.9698	0.4655	0.5142	0.4528
TG(16:0e_16:0_18:2)+NH4	0.0029	0.0042	0.0041	0.0018	0.0032	0.001	0.0005	0.0018	0.0008	0.004	0.0022	0.0012	0.0022	0.0019	0.0022	0.0002	0.0003	0.0025	0.0026	0.0116	0.0061	0.0041	0.0091	0.0091	0.0044	0.003
TG(16:1_16:1_18:1)+NH4	0.3276	0.2978	0.4273	0.1711	0.1493	0.1488	0.0747	0.4382	0.128	0.5855	0.3809	0.6319	0.0428	1.6337	0.8075	0.1457	0.0797	0.2608	0.193	0.3691	0.5766	0.4659	0.5608	0.2605	0.2611	0.2226
TG(18:0_16:0_17:0)+NH4	0.0064	0.0076	0.0072	0.0055	0.0045	0.0048	0.0036	0.0072	0.0042	0.0121	0.0078	0.0121	0.0027	0.0413	0.0173	0.0041	0.0033	0.006	0.0048	0.0072	0.0191	0.0081	0.0117	0.0099	0.0093	0.008
TG(16:0_18:1_17:0)+NH4	0.0459	0.0516	0.0808	0.0344	0.026	0.0282	0.0149	0.054	0.0185	0.1012	0.0447	0.061	0.011	0.2105	0.0892	0.0169	0.0106	0.0454	0.0215	0.0596	0.0963	0.0435	0.087	0.0492	0.0478	0.0445
TG(15:0_18:1_18:1)+NH4	0.146	0.1723	0.2923	0.1053	0.088	0.0934	0.0428	0.2069	0.055	0.3131	0.1187	0.1599	0.0214	0.4256	0.1999	0.0435	0.024	0.1281	0.0642	0.1858	0.2394	0.1431	0.2826	0.1322	0.1325	0.1156
TG(15:0_18:2_18:1)+NH4	0.1035	0.1262	0.1741	0.0752	0.0617	0.0601	0.0272	0.1269	0.0312	0.2371	0.0763	0.1057	0.0119	0.272	0.1253	0.027	0.0135	0.1023	0.0426	0.1486	0.1563	0.0969	0.2012	0.1011	0.101	0.0881
TG(15:0_18:2_18:2)+NH4	0.0396	0.0506	0.0725	0.0301	0.0255	0.0231	0.0093	0.0425	0.0088	0.1245	0.0298	0.0365	0.0046	0.1138	0.0462	0.0082	0.0039	0.0459	0.0143	0.079	0.0821	0.0358	0.1	0.0467	0.0443	0.0412
TG(18:0_16:0_18:0)+NH4	0.0363	0.0373	0.0432	0.0334	0.0321	0.0295	0.0227	0.0384	0.0313	0.0675	0.0533	0.0789	0.0216	0.2587	0.1154	0.0309	0.0258	0.0358	0.0267	0.0409	0.1108	0.0402	0.0535	0.0506	0.0396	0.0498
TG(18:0e_16:0_18:0)+NH4	0.0022	0.0037	0.0027	0.0016	0.0022	0.0009	0.0004	0.0023	0.0011	0.0033	0.0028	0.0032	0.0018	0.0103	0.0071	0.0007	0.0008	0.0019	0.0036	0.0066	0.0036	0.005	0.0078	0.0072	0.005	0.0034
TG(18:0_18:1_16:0)+NH4	0.2292	0.2009	0.3952	0.1804	0.1555	0.1218	0.0615	0.2615	0.0787	0.5902	0.3093	0.4195	0.0759	1.4138	0.6291	0.1319	0.0763	0.2597	0.121	0.3468	0.3314	0.2181	0.3698	0.2841	0.1963	0.2944
TG(18:0e_16:0_18:1)+NH4	0.0081	0.0141	0.012	0.0057	0.0094	0.0024	0.001	0.0059	0.002	0.0112	0.0063	0.0045	0.0063	0.0098	0.0082	0.0006	0.0008	0.0084	0.0072	0.0302	0.0128	0.0112	0.0331	0.0256	0.0116	0.0096
TG(18:0p_16:0_18:1)+NH4	0.0102	0.0166	0.0149	0.0078	0.0142	0.0029	0.0016	0.0078	0.0027	0.0149	0.0081	0.0053	0.0095	0.0107	0.0076	0.0011	0.0012	0.0108	0.0093	0.0446	0.0171	0.0133	0.0395	0.0346	0.0151	0.0112
TG(18:1_18:1_16:0)+NH4	2.0487	1.6804	2.4168	1.3147	1.0731	1.1505	0.6578	2.6814	0.9326	3.5951	2.1698	3.1295	0.5025	8.1696	4.2513	1.0256	0.6966	1.7792	1.1773	2.7449	3.1444	2.4372	3.3399	1.7068	1.6238	1.829
TG(16:0_18:1_18:1)+NH4	2.0464	1.6795	2.4158	1.3142	1.0738	1.1505	0.6574	2.6799	0.9324	3.5929	2.1675	3.1269	0.5022	8.172	4.2484	1.0252	0.6966	1.7781	1.1768	2.746	3.1438	2.435	3.3376	1.7053	1.6228	1.8283
TG(16:1_18:1_18:1)+NH4	2.4856	2.0048	2.4215	1.555	1.3492	1.2783	0.7222	3.1513	1.1982	4.2219	2.7479	4.2285	0.5239	10.9424	5.6469	1.3955	0.906	1.8074	1.4336	2.7321	2.6836	2.8755	3.3108	2.1004	1.6568	2.0024
TG(16:0e_18:1_18:2)+NH4	0.0054	0.0097	0.0089	0.0043	0.008	0.0017	0.001	0.0034	0.0014	0.0091	0.0043	0.0022	0.0051	0.0033	0.0032	0.0004	0.0005	0.0064	0.0042	0.0282	0.0115	0.0067	0.0217	0.0192	0.0081	0.0059
TG(16:1_18:2_18:1)+NH4	1.1742	1.0033	1.33	0.8314	0.7787	0.6069	0.3411	1.4011	0.4878	2.612	1.4332	2.1295	0.2366	6.3668	2.8653	0.7045	0.3919	1.0491	0.6829	1.6039	1.5145	1.3915	1.7606	1.1925	0.7635	1.0916
TG(16:0_18:3_18:2)+NH4	0.3002	0.2698	0.4562	0.2246	0.2172	0.1323	0.0697	0.3589	0.0908	0.9634	0.3789	0.5978	0.0433	2.0082	0.849	0.1523	0.0711	0.3462	0.1692	0.609	0.5585	0.4151	0.5993	0.38	0.1896	0.3316
TG(16:1_18:2_18:3)+NH4	0.0193	0.0162	0.034	0.0145	0.014	0.0085	0.0045	0.022	0.0065	0.0822	0.0296	0.0517	0.0032	0.2579	0.0973	0.0126	0.0056	0.0215	0.0119	0.0432	0.0559	0.0325	0.045	0.0255	0.0121	0.0223
TG(18:0_17:0_18:0)+NH4	0.0048	0.0064	0.0057	0.0041	0.0034	0.0035	0.0022	0.0053	0.003	0.0086	0.0051	0.0072	0.0019	0.0211	0.0097	0.0023	0.0021	0.004	0.0031	0.0052	0.0128	0.0057	0.0096	0.0071	0.0069	0.006
TG(17:0_18:1_18:0)+NH4	0.0171	0.023	0.0249	0.0154	0.0116	0.0105	0.0053	0.0195	0.0067	0.0394	0.0164	0.0219	0.0043	0.0799	0.0316	0.0064	0.004	0.0198	0.0083	0.029	0.0334	0.017	0.0386	0.0251	0.0211	0.0217
TG(18:1_18:1_17:0)+NH4	0.1141	0.1238	0.1587	0.084	0.0601	0.0692	0.0303	0.1599	0.0383	0.2385	0.1035	0.1476	0.0146	0.5137	0.2121	0.0385	0.0198	0.0981	0.0422	0.1431	0.1445	0.1024	0.2056	0.1008	0.0875	0.0862
TG(18:1_17:1_18:1)+NH4	0.1473	0.1732	0.1789	0.1076	0.0861	0.0888	0.0382	0.1971	0.0538	0.3105	0.1312	0.1794	0.0198	0.5393	0.2328	0.0496	0.0235	0.121	0.0624	0.1972	0.1764	0.1308	0.2467	0.1361	0.1031	0.1184
TG(18:1_17:1_18:2)+NH4	0.0748	0.0855	0.1041	0.0588	0.0502	0.0427	0.0192	0.0903	0.024	0.1861	0.0604	0.0813	0.01	0.2385	0.1004	0.0226	0.0104	0.071	0.0319	0.1253	0.1019	0.0706	0.1322	0.077	0.0541	0.0686
TG(18:2_17:1_18:2)+NH4	0.0258	0.0314	0.045	0.022	0.0194	0.0141	0.0064	0.0302	0.0069	0.0944	0.0241	0.0323	0.0038	0.1073	0.0456	0.008	0.0036	0.0291	0.0106	0.0605	0.0524	0.0279	0.0606	0.0321	0.02	0.0292
TG(18:1_17:1_18:3)+NH4	0.0061	0.0051	0.0073	0.0055	0.0045	0.0051	0.0035	0.0076	0.0057	0.0071	0.0065	0.0075	0.0036	0.012	0.0093	0.0047	0.0045	0.0048	0.0057	0.0058	0.0071	0.0077	0.0072	0.0058	0.0056	0.0058
TG(15:0_18:2_20:4)+NH4	0.0821	0.0699	0.0935	0.0631	0.0555	0.0609	0.0432	0.0952	0.0745	0.0975	0.0895	0.1145	0.0443	0.1663	0.1232	0.0662	0.0574	0.0524	0.0618	0.0624	0.0792	0.0907	0.0889	0.0709	0.0722	0.07
TG(18:0_18:0_18:0)+NH4	0.0115	0.0138	0.0159	0.0117	0.0111	0.0089	0.0077	0.0124	0.0089	0.0262	0.0148	0.0211	0.0068	0.0602	0.0259	0.0081	0.0069	0.0134	0.0073	0.0173	0.0392	0.0114	0.0217	0.0167	0.013	0.017
TG(20:0e_16:0_18:0)+NH4	0.0012	0.0018	0.0011	0.0008	0.001	0.0005	0.0002	0.0011	0.0006	0.0016	0.0018	0.0022	0.0008	0.0062	0.0048	0.0006	0.0006	0.0009	0.0019	0.0027	0.0016	0.0024	0.0038	0.0032	0.0026	0.0015
TG(18:0p_18:0_18:0)+NH4	0.0176	0.0196	0.0152	0.008	0.0138	0.0033	0.0015	0.0097	0.0036	0.0174	0.0132	0.0136	0.0092	0.03	0.0193	0.0016	0.0038	0.0194	0.0116	0.0443	0.0147	0.0167	0.0424	0.0334	0.0168	0.0144
TG(18:0_18:0_18:1)+NH4	0.054	0.0685	0.094	0.0514	0.0511	0.03	0.0148	0.0552	0.0142	0.175	0.0705	0.0927	0.0163	0.3287	0.1408	0.0205	0.0114	0.0868	0.0248	0.1324	0.1027	0.0447	0.1325	0.1013	0.0524	0.097
TG(20:0e_16:0_18:1)+NH4	0.0176	0.0196	0.0152	0.008	0.0138	0.0033	0.0015	0.0097	0.0036	0.0174	0.0133	0.0135	0.0092	0.0301	0.0193	0.0016	0.0038	0.0194	0.0116	0.0443	0.0147	0.0167	0.0423	0.0335	0.0168	0.0143
TG(18:0_18:1_18:1)+NH4	0.1356	0.149	0.1863	0.1242	0.1074	0.106	0.0536	0.2079	0.0715	0.3466	0.1515	0.1897	0.0415	0.5601	0.2811	0.0679	0.0469	0.1849	0.1037	0.32	0.2635	0.172	0.2402	0.1799	0.1222	0.1739
TG(16:0_18:1_20:1)+NH4	0.4444	0.4215	0.6537	0.3841	0.3329	0.2546	0.1154	0.6171	0.1565	1.2451	0.4699	0.631	0.0953	2.2552	0.9762	0.1729	0.0876	0.566	0.2291	0.9235	0.6912	0.375	0.779	0.5586	0.3454	0.5951
TG(16:0e_18:1_20:1)+NH4	0.0174	0.0252	0.0228	0.0112	0.0208	0.0038	0.0018	0.0111	0.0039	0.0212	0.0137	0.0116	0.0126	0.0215	0.0133	0.0015	0.0031	0.0224	0.0127	0.0654	0.022	0.0176	0.0594	0.0483	0.0206	0.0165
TG(18:1_18:1_18:1)+NH4	1.6475	1.7338	1.9271	1.3154	1.1853	1.1362	0.5019	2.3443	0.6974	4.3549	1.6527	2.216	0.356	7.1872	3.3277	0.6282	0.3827	1.8202	0.9077	3.3239	2.3151	1.4774	2.5	1.7098	1.1219	2.0058
TG(18:0e_18:1_18:2)+NH4	0.0091	0.017	0.0161	0.0082	0.0162	0.0026	0.0015	0.0075	0.0024	0.0147	0.0086	0.0053	0.0108	0.0097	0.0073	0.0009	0.001	0.0119	0.0084	0.0533	0.0171	0.0112	0.0416	0.0353	0.0142	0.0112
TG(18:1p_18:1_18:1)+NH4	0.0036	0.0073	0.0067	0.0036	0.0072	0.0012	0.0008	0.0028	0.0012	0.006	0.0035	0.0022	0.0051	0.0041	0.0029	0.0005	0.0006	0.0046	0.0034	0.0206	0.0076	0.0049	0.015	0.015	0.0058	0.0044
TG(18:1_18:1_18:2)+NH4	1.8111	1.7462	2.5974	1.5383	1.5227	1.1014	0.5514	2.1927	0.7237	5.3698	1.9656	2.5569	0.4079	7.8834	3.6908	0.7578	0.4402	2.1139	0.9328	3.8419	2.5791	1.5839	2.9202	2.0177	1.1341	2.2354
TG(18:1_18:3_18:1)+NH4	1.3906	1.2796	2.5049	1.4112	1.5303	0.8233	0.4689	1.4872	0.4428	5.4354	1.7097	2.0896	0.3289	7.0265	3.0797	0.6651	0.3657	2.0233	0.7118	3.8771	2.4025	1.3319	2.7051	1.9121	0.894	2.1339
TG(18:1_18:2_18:3)+NH4	0.4453	0.4251	1.0289	0.4664	0.5283	0.2263	0.1258	0.4494	0.1003	2.5601	0.5274	0.6032	0.0726	1.9618	0.7963	0.1339	0.063	0.9421	0.1727	1.8528	1.1999	0.4188	1.1503	0.7562	0.2494	0.733
TG(18:2_18:2_18:2)+NH4	0.1544	0.1438	0.1803	0.1163	0.1017	0.084	0.0436	0.2324	0.0838	0.4158	0.3701	0.6156	0.0616	2.1139	1.045	0.2012	0.1066	0.1265	0.1278	0.2676	0.2972	0.3135	0.3314	0.2063	0.142	0.1751
TG(16:0_16:0_22:6)+NH4	0.0388	0.0337	0.0367	0.0276	0.0212	0.0224	0.0106	0.0504	0.0219	0.0653	0.1256	0.2267	0.0124	0.7092	0.394	0.0745	0.0347	0.0298	0.0328	0.0338	0.0457	0.0873	0.053	0.0449	0.0416	0.0386
TG(18:3_18:2_18:2)+NH4	0.1471	0.1423	0.2529	0.1318	0.1347	0.0707	0.0402	0.1811	0.05	0.676	0.2416	0.3953	0.027	1.5084	0.6897	0.0973	0.0423	0.1838	0.0832	0.3416	0.3693	0.2372	0.3074	0.2047	0.0939	0.1875
TG(18:3_18:2_18:3)+NH4	0.0114	0.0104	0.0293	0.0126	0.0155	0.0052	0.0033	0.0097	0.003	0.0813	0.015	0.0209	0.002	0.0939	0.0354	0.0049	0.0023	0.0223	0.0049	0.0457	0.0385	0.0123	0.0295	0.0207	0.0054	0.0193
TG(14:0_18:2_22:6)+NH4	0.0074	0.0089	0.0062	0.0058	0.0039	0.0039	0.0022	0.0109	0.0036	0.019	0.0166	0.0315	0.0015	0.1611	0.0675	0.0077	0.0028	0.0053	0.0052	0.0085	0.0161	0.0171	0.016	0.0086	0.0059	0.0064
TG(18:1_21:0_16:0)+NH4	0.011	0.0188	0.0177	0.01	0.0086	0.0067	0.003	0.0121	0.0038	0.0289	0.0079	0.0067	0.003	0.0247	0.0116	0.0018	0.0024	0.0121	0.0052	0.023	0.0221	0.0115	0.0318	0.0206	0.0163	0.0162
TG(19:1_18:1_18:2)+NH4	0.0321	0.0424	0.0411	0.0259	0.0236	0.0206	0.0081	0.0437	0.0114	0.0819	0.0264	0.0343	0.0053	0.1257	0.0507	0.0099	0.0049	0.0302	0.0147	0.0629	0.0405	0.0307	0.0584	0.038	0.0249	0.0323
TG(15:0_18:1_22:6)+NH4	0.0164	0.0239	0.0166	0.014	0.0092	0.0109	0.0044	0.0271	0.0064	0.0408	0.0216	0.037	0.003	0.1241	0.0562	0.0099	0.004	0.0122	0.0096	0.0195	0.0254	0.0284	0.0343	0.0175	0.0173	0.0138
TG(15:0_18:2_22:6)+NH4	0.0039	0.0057	0.0035	0.0032	0.0021	0.0026	0.001	0.0059	0.0015	0.0104	0.005	0.0087	0.0008	0.0452	0.0164	0.0023	0.0009	0.0032	0.0026	0.0057	0.0084	0.008	0.0086	0.0052	0.0057	0.0035
TG(18:0_16:0_22:0)+NH4	0.0035	0.0056	0.008	0.0038	0.004	0.0018	0.0012	0.0034	0.0008	0.0164	0.0033	0.0027	0.0012	0.006	0.0027	0.0006	0.0005	0.006	0.0011	0.0121	0.0089	0.0026	0.011	0.0077	0.0037	0.0072
TG(20:0e_18:0_18:0)+NH4	0.0007	0.0006	0.0005	0.0003	0.0004	0.0002	0.0001	0.0004	0.0002	0.0006	0.0009	0.0011	0.0003	0.0029	0.0018	0.0002	0.0003	0.0009	0.0005	0.0011	0.0006	0.0008	0.0013	0.001	0.0008	0.0006
TG(18:1_22:0_16:0)+NH4	0.0175	0.0272	0.0401	0.0195	0.0209	0.0094	0.0057	0.0177	0.004	0.0819	0.0157	0.0124	0.0056	0.0285	0.013	0.0025	0.0019	0.0313	0.005	0.0577	0.0431	0.0123	0.0533	0.036	0.0182	0.036
TG(20:0e_16:0_20:1)+NH4	0.0343	0.0098	0.0052	0.0037	0.0076	0.0014	0.0006	0.004	0.0017	0.009	0.0175	0.0322	0.0034	0.0408	0.0129	0.0013	0.011	0.055	0.0067	0.0176	0.006	0.0085	0.018	0.0133	0.0097	0.0055
TG(18:0_18:1_20:1)+NH4	0.0721	0.1085	0.1505	0.0792	0.0844	0.0349	0.0179	0.0758	0.0122	0.3114	0.066	0.0544	0.0184	0.177	0.0708	0.0086	0.0048	0.1408	0.0233	0.2606	0.1478	0.0522	0.213	0.1505	0.0662	0.1384
TG(18:0e_18:1_20:1)+NH4	0.0841	0.0283	0.018	0.0111	0.0239	0.0035	0.0018	0.0111	0.0041	0.0295	0.0527	0.0951	0.0106	0.1186	0.0239	0.0037	0.0362	0.1568	0.0145	0.0617	0.0169	0.0176	0.0502	0.0387	0.0232	0.0168
TG(18:1_18:1_20:1)+NH4	0.2045	0.2889	0.3124	0.1882	0.1798	0.1194	0.0457	0.2658	0.0553	0.6378	0.1434	0.162	0.035	0.6158	0.2356	0.0314	0.0168	0.315	0.0765	0.5505	0.3391	0.1662	0.4608	0.3197	0.1553	0.2571
TG(20:0e_18:1_18:2)+NH4	0.0084	0.0163	0.0137	0.0079	0.0147	0.0027	0.0013	0.0081	0.003	0.0156	0.0091	0.0068	0.0087	0.0174	0.0107	0.0011	0.0017	0.0106	0.0084	0.0455	0.0152	0.012	0.0351	0.0281	0.0139	0.0106
TG(18:1_18:2_20:1)+NH4	0.2271	0.3193	0.3175	0.2131	0.2008	0.1494	0.0634	0.3047	0.087	0.6164	0.2014	0.2519	0.0546	0.8786	0.4156	0.0746	0.0441	0.2938	0.12	0.5248	0.3507	0.2338	0.4947	0.3459	0.1951	0.2718
TG(20:1_18:2_18:2)+NH4	0.2939	0.3463	0.2978	0.2328	0.2105	0.1914	0.0799	0.3982	0.1389	0.626	0.3532	0.521	0.0864	1.8871	0.9557	0.1796	0.111	0.2613	0.1877	0.5249	0.3955	0.3357	0.5445	0.3339	0.2434	0.2982
TG(18:1_20:4_18:1)+NH4	0.4428	0.4675	0.4106	0.3405	0.2916	0.2765	0.1253	0.6349	0.2337	0.9056	0.6447	0.9647	0.1384	3.5752	1.7296	0.3653	0.206	0.3745	0.3568	0.6862	0.6233	0.6982	0.8381	0.5233	0.3952	0.4637
TG(16:0_18:1_22:6)+NH4	0.4887	0.4969	0.2858	0.3925	0.2642	0.3194	0.1671	0.7876	0.27	0.8212	0.8367	1.3808	0.1301	4.4444	2.2892	0.4983	0.2597	0.3019	0.3454	0.3348	0.4666	0.8461	0.6857	0.4891	0.3876	0.394
TG(16:0_18:2_22:6)+NH4	0.3632	0.4213	0.2089	0.3024	0.2083	0.2074	0.0983	0.5989	0.1803	0.7803	0.6995	1.1938	0.0846	4.6674	2.1557	0.3871	0.1687	0.2635	0.284	0.3443	0.4576	0.7628	0.5919	0.4697	0.2814	0.3464
TG(16:0_18:1_23:0)+NH4	0.0076	0.0134	0.0133	0.0068	0.0065	0.0047	0.0023	0.0088	0.0026	0.0237	0.0055	0.0047	0.0022	0.013	0.006	0.0014	0.0014	0.0088	0.003	0.0193	0.0151	0.0071	0.0241	0.0133	0.0109	0.0118
TG(18:0_16:0_24:0)+NH4	0.0022	0.0032	0.0034	0.0022	0.0021	0.0018	0.0013	0.0026	0.0018	0.0055	0.0022	0.0025	0.0012	0.0058	0.003	0.0011	0.0011	0.0023	0.0016	0.0039	0.007	0.0029	0.0052	0.0034	0.003	0.0031
TG(18:0_18:1_22:0)+NH4	0.0046	0.0071	0.0113	0.0052	0.006	0.0023	0.0013	0.0045	0.0008	0.0226	0.0042	0.0027	0.0015	0.0053	0.0024	0.0004	0.0005	0.0107	0.0013	0.022	0.0127	0.0032	0.0161	0.0104	0.0045	0.0096
TG(16:0_18:1_24:0)+NH4	0.0114	0.0211	0.0301	0.0126	0.0145	0.0066	0.0032	0.0126	0.0027	0.0573	0.0104	0.0065	0.0039	0.0157	0.0076	0.0014	0.0011	0.0197	0.0036	0.0456	0.0261	0.0099	0.0415	0.0258	0.0138	0.0241
TG(18:2_18:2_22:6)+NH4	0.0507	0.0708	0.0607	0.0566	0.049	0.0366	0.0154	0.0784	0.0278	0.2249	0.1051	0.1622	0.0218	1.0012	0.3857	0.0545	0.0305	0.0641	0.0471	0.1149	0.1329	0.1121	0.1116	0.0866	0.0454	0.0813
TG(16:0_20:4_22:6)+NH4	0.006	0.0082	0.0039	0.0066	0.0056	0.0046	0.002	0.0116	0.0041	0.0195	0.0343	0.0683	0.0036	0.3184	0.1817	0.0221	0.0093	0.0072	0.008	0.0105	0.0143	0.0243	0.014	0.0134	0.0073	0.0098
TG(18:3_18:2_22:6)+NH4	0.0105	0.0138	0.013	0.0121	0.0112	0.0073	0.0035	0.015	0.0083	0.0408	0.0218	0.0327	0.006	0.1916	0.0822	0.0134	0.0075	0.013	0.0122	0.023	0.0267	0.0262	0.0232	0.0204	0.0093	0.0158
TG(18:1_22:0_18:1)+NH4	0.0261	0.0433	0.068	0.0301	0.0353	0.0124	0.0071	0.0246	0.004	0.1472	0.0238	0.0145	0.0081	0.0286	0.0131	0.0021	0.0015	0.0574	0.0065	0.1253	0.0668	0.0165	0.093	0.0603	0.025	0.0555
TG(18:1_22:0_18:2)+NH4	0.0512	0.0784	0.1211	0.0561	0.0714	0.0217	0.0118	0.0456	0.006	0.2477	0.0432	0.0274	0.0134	0.0671	0.0277	0.0029	0.0019	0.1062	0.0116	0.217	0.095	0.0294	0.1604	0.1098	0.0417	0.094
TG(18:1p_18:2_22:0)+NH4	0.0036	0.0066	0.0057	0.0034	0.0066	0.0011	0.0005	0.0032	0.0013	0.007	0.004	0.0035	0.0035	0.0114	0.0065	0.0007	0.0008	0.004	0.0034	0.0206	0.0058	0.0047	0.0124	0.0112	0.0054	0.0042
TG(18:1_22:1_18:2)+NH4	0.0361	0.0615	0.0707	0.0372	0.0442	0.0175	0.0093	0.0376	0.0074	0.1426	0.0295	0.0264	0.0091	0.0899	0.0346	0.0051	0.0029	0.0629	0.0124	0.125	0.0601	0.0294	0.1059	0.0718	0.0338	0.0521
TG(18:1_22:4_18:1)+NH4	0.0538	0.0709	0.0384	0.0408	0.0343	0.0396	0.0136	0.0885	0.0293	0.1092	0.0885	0.1435	0.016	0.6367	0.2716	0.0529	0.024	0.0465	0.0401	0.1018	0.0683	0.0841	0.1127	0.0634	0.053	0.0593
TG(20:0e_16:0_22:6)+NH4	0.0025	0.0042	0.0018	0.0019	0.0025	0.0009	0.0003	0.0024	0.0014	0.0023	0.0035	0.0046	0.0027	0.0125	0.0087	0.0008	0.001	0.0018	0.0049	0.0052	0.0028	0.0064	0.0063	0.0069	0.005	0.003
TG(18:1_22:5_18:1)+NH4	0.1446	0.1873	0.0963	0.1162	0.0838	0.1079	0.041	0.2347	0.0869	0.2666	0.1975	0.3103	0.0395	1.3329	0.5504	0.1171	0.0579	0.1048	0.1142	0.1926	0.1714	0.2318	0.2523	0.1504	0.1279	0.1407
TG(18:0_22:6_18:1)+NH4	0.0467	0.0612	0.0418	0.048	0.0388	0.041	0.013	0.0813	0.0281	0.1283	0.0991	0.1506	0.0192	0.55	0.2896	0.0536	0.0245	0.0494	0.0411	0.0685	0.0531	0.0675	0.0747	0.0698	0.0457	0.0696
TG(18:0e_18:1_22:6)+NH4	0.0016	0.0039	0.0028	0.002	0.0028	0.0006	0.0004	0.0011	0.0008	0.0028	0.002	0.0017	0.0029	0.0025	0.0023	0.0002	0.0003	0.0026	0.0028	0.0069	0.0029	0.0038	0.0063	0.0059	0.0032	0.0026
TG(18:1_18:2_22:5)+NH4	0.0664	0.0842	0.0465	0.0553	0.0422	0.0448	0.0166	0.1116	0.0342	0.1559	0.1096	0.1811	0.0165	0.8311	0.3183	0.0614	0.0275	0.062	0.0574	0.0937	0.0952	0.1298	0.1278	0.0818	0.0554	0.0713
TG(18:1_22:6_18:1)+NH4	0.2998	0.4208	0.1861	0.2811	0.2228	0.2774	0.0965	0.5392	0.2148	0.6268	0.4311	0.6564	0.0956	2.5912	1.2146	0.2285	0.1219	0.2345	0.2381	0.3561	0.3133	0.4448	0.4075	0.2964	0.2455	0.3196
TG(22:5_18:2_18:2)+NH4	0.2348	0.3382	0.1961	0.2391	0.1912	0.1871	0.0648	0.4257	0.13	0.6695	0.417	0.6679	0.0699	2.9023	1.3465	0.2234	0.1007	0.2403	0.2036	0.385	0.3327	0.448	0.3852	0.3188	0.1941	0.3208
TG(25:0_18:1_16:0)+NH4	0.0027	0.0055	0.0051	0.0026	0.0025	0.0017	0.0009	0.0033	0.001	0.0082	0.0022	0.0016	0.0009	0.0044	0.0022	0.0006	0.0005	0.0029	0.0011	0.0076	0.0061	0.0028	0.0096	0.0054	0.0043	0.0041
TG(26:0_18:1_16:0)+NH4	0.0029	0.0063	0.0062	0.003	0.0035	0.0016	0.0009	0.0034	0.0009	0.0121	0.0027	0.0017	0.0011	0.0035	0.002	0.0004	0.0004	0.0044	0.001	0.0106	0.0066	0.0031	0.0122	0.0063	0.0041	0.0055
TG(18:1_22:6_20:3)+NH4	0.0244	0.0401	0.0173	0.0233	0.0202	0.0206	0.0064	0.0433	0.0205	0.0568	0.0434	0.0694	0.0108	0.3526	0.1746	0.0288	0.0141	0.0159	0.0229	0.0446	0.0437	0.0547	0.0442	0.0284	0.023	0.0268
TG(18:1_20:4_22:6)+NH4	0.0231	0.037	0.0154	0.0269	0.0273	0.0199	0.0078	0.0459	0.0249	0.0721	0.0781	0.1334	0.017	0.7783	0.4	0.0512	0.0256	0.02	0.0331	0.0413	0.0543	0.0823	0.0448	0.0448	0.0244	0.0339
TG(18:2_20:4_22:6)+NH4	0.0093	0.0162	0.0073	0.0142	0.015	0.0101	0.0042	0.0207	0.0171	0.0351	0.0287	0.0432	0.01	0.3265	0.1645	0.0218	0.0128	0.0088	0.0179	0.017	0.026	0.0374	0.0148	0.0247	0.0108	0.0162
TG(16:0_22:6_22:6)+NH4	0.0104	0.0106	0.0023	0.0071	0.0041	0.0049	0.0024	0.0188	0.005	0.0177	0.0407	0.0873	0.0025	0.4623	0.2413	0.025	0.0087	0.0058	0.0087	0.0041	0.0129	0.0336	0.0134	0.0105	0.0069	0.0073
TG(20:0p_20:1_20:1)+NH4	0.0149	0.0055	0.0035	0.0023	0.0045	0.0007	0.0003	0.0018	0.0008	0.0059	0.0136	0.0252	0.0017	0.0345	0.0055	0.0008	0.0087	0.0396	0.0028	0.0118	0.0029	0.0039	0.0087	0.0073	0.0045	0.0027
TG(18:1p_18:2_24:0)+NH4	0.0022	0.0039	0.0039	0.0021	0.004	0.0006	0.0003	0.0018	0.0008	0.0043	0.0025	0.0023	0.0016	0.0076	0.0042	0.0004	0.0005	0.0022	0.0021	0.0112	0.0026	0.0033	0.0077	0.0066	0.0034	0.0025
TG(24:1_18:2_18:1)+NH4	0.0114	0.0205	0.0264	0.0125	0.014	0.0044	0.0025	0.0091	0.0012	0.0454	0.0082	0.0056	0.003	0.0159	0.0065	0.0006	0.0003	0.0209	0.0027	0.0444	0.0175	0.0075	0.0378	0.0243	0.01	0.0167
TG(24:1_18:2_18:2)+NH4	0.0064	0.0106	0.0147	0.0065	0.0077	0.0031	0.0012	0.0053	0.0009	0.0237	0.0044	0.0034	0.0017	0.0116	0.0049	0.0006	0.0003	0.0098	0.0019	0.0225	0.0081	0.0048	0.0186	0.0119	0.0055	0.008
TG(20:0e_18:1_22:6)+NH4	0.0022	0.004	0.002	0.002	0.0028	0.0007	0.0004	0.0021	0.001	0.0033	0.0032	0.004	0.0025	0.0101	0.0067	0.0005	0.0007	0.0033	0.0033	0.0079	0.0033	0.0044	0.0064	0.006	0.0039	0.003
TG(25:0_18:1_18:1)+NH4	0.0026	0.0054	0.0053	0.0025	0.0026	0.0016	0.0007	0.0029	0.0008	0.009	0.002	0.0015	0.0009	0.0024	0.0012	0.0004	0.0004	0.0035	0.0009	0.0098	0.0054	0.0024	0.0105	0.0057	0.0038	0.004
TG(18:1_22:0_22:0)+NH4	0.0007	0.0017	0.0018	0.0009	0.0009	0.0005	0.0003	0.001	0.0003	0.003	0.0007	0.0003	0.0004	0.0006	0.0004	0.0001	0.0001	0.0013	0.0003	0.0034	0.0021	0.001	0.004	0.0019	0.0012	0.0016
TG(18:1_22:6_22:6)+NH4	0.0111	0.0291	0.0051	0.0216	0.0215	0.0188	0.0063	0.0333	0.0217	0.0571	0.0314	0.0522	0.0075	0.3937	0.1852	0.0197	0.0089	0.0094	0.016	0.0129	0.0255	0.0456	0.0141	0.0232	0.0119	0.0167
TG(18:2_22:6_22:6)+NH4	0.004	0.0101	0.0016	0.0082	0.0081	0.006	0.0026	0.0113	0.0082	0.0216	0.0151	0.0252	0.0037	0.1693	0.0731	0.0106	0.0056	0.0038	0.0072	0.005	0.0078	0.0182	0.0054	0.011	0.005	0.0068
TG(26:0_18:1_18:1)+NH4	0.0032	0.0068	0.007	0.0033	0.0037	0.0019	0.0011	0.0036	0.0011	0.0121	0.0027	0.0016	0.0013	0.0023	0.0016	0.0006	0.0006	0.0049	0.0013	0.0138	0.0076	0.0031	0.0141	0.0072	0.0043	0.0053
TG(20:0e_20:1_24:1)+NH4	0.021	0.0013	0.0001	0.0004	0.0017	0	0	0.0001	0.0001	0.0019	0.0121	0.0267	0	0.0243	0.0008	0.0004	0.0116	0.0412	0.0006	0.0006	0.0001	0.0003	0.0003	0.0001	0.0007	0.0002
TG(20:0p_22:1_22:1)+NH4	0.0188	0.0015	0.0001	0.0004	0.0016	0	0	0.0001	0	0.0022	0.0148	0.0321	0.0001	0.0337	0.0011	0.0005	0.0147	0.0453	0.0006	0.0006	0.0001	0.0003	0.0002	0.0001	0.0007	0.0002
TG(30:1_18:2_20:1)+NH4	0.001	0.0017	0.0013	0.0007	0.0009	0.0004	0.0001	0.0009	0.0002	0.0025	0.0004	0.0001	0.0002	0.0002	0.0001	0	0	0.0008	0.0003	0.0039	0.0011	0.0009	0.0031	0.0021	0.001	0.0009
PS(18:0_20:3)+H	0.0063	0.0044	0.0061	0.005	0.0093	0.0054	0.0008	0.0078	0.0095	0.0076	0.01	0.0112	0.0142	0.0124	0.0262	0.0106	0.0115	0.0105	0.0144	0.0375	0.0244	0.0162	0.0191	0.0156	0.0189	0.0158
PS(40:4)+H	0.0086	0.0073	0.0106	0.0082	0.01	0.0078	0.0019	0.0113	0.0114	0.0111	0.0159	0.0172	0.0195	0.0218	0.0362	0.0177	0.0122	0.0137	0.0198	0.0617	0.0354	0.0175	0.027	0.0225	0.0243	0.0212
PS(18:0_22:6)+H	0.0204	0.0122	0.0183	0.0182	0.0377	0.0145	0.0017	0.0266	0.0147	0.0266	0.0648	0.0841	0.1281	0.1117	0.1887	0.0939	0.0728	0.0691	0.0901	0.2665	0.1578	0.0818	0.1288	0.1036	0.1223	0.1004
PE(16:0_18:1)+H	0.0095	0.0071	0.0159	0.0071	0.0149	0.0066	0.0023	0.0105	0.0062	0.0154	0.0306	0.0263	0.0834	0.0516	0.0591	0.0328	0.0396	0.0176	0.0181	0.0633	0.0373	0.0212	0.0268	0.0248	0.0219	0.0216
PE(18:1p_16:0)+H	0.0051	0.0048	0.0072	0.0046	0.0083	0.0048	0.0019	0.0056	0.0062	0.0068	0.0077	0.0068	0.0119	0.0063	0.0102	0.0072	0.0075	0.0092	0.0105	0.0248	0.0181	0.0108	0.0129	0.0121	0.0131	0.0114
PE(16:0_18:2)+H	0.0158	0.0166	0.0261	0.0111	0.0182	0.013	0.0066	0.0178	0.0177	0.0307	0.0405	0.0344	0.0613	0.1108	0.0798	0.0287	0.0317	0.016	0.021	0.0643	0.0482	0.0303	0.0283	0.029	0.0187	0.0186
PE(16:0p_18:2)+H	0.0029	0.0045	0.0113	0.0027	0.0058	0.0042	0.0006	0.0042	0.0064	0.0061	0.0045	0.0017	0.0032	0.0012	0.0019	0.0013	0.0017	0.0025	0.0053	0.0114	0.01	0.0086	0.0056	0.0057	0.0045	0.0047
PE(18:0_18:1)+H	0.0118	0.0097	0.0143	0.0099	0.0174	0.008	0.0034	0.0117	0.0086	0.0236	0.0197	0.0164	0.0295	0.0256	0.0298	0.0175	0.0174	0.0188	0.0144	0.049	0.0298	0.0155	0.0218	0.0193	0.0173	0.0177
PE(18:1_18:1)+H	0.0232	0.0097	0.012	0.0078	0.0196	0.0076	0.0027	0.0105	0.0056	0.0217	0.0245	0.021	0.0418	0.0413	0.0376	0.0235	0.034	0.0362	0.0117	0.0567	0.0309	0.0165	0.02	0.0179	0.0153	0.0143
PE(18:0_18:2)+H	0.0279	0.0278	0.0453	0.0233	0.036	0.0221	0.0103	0.0325	0.0298	0.0669	0.0509	0.0405	0.035	0.1248	0.0961	0.0244	0.0236	0.0324	0.0321	0.1175	0.0736	0.0376	0.0455	0.0456	0.0281	0.0317
PE(18:1p_18:1)+H	0.0018	0.0027	0.0044	0.0017	0.0031	0.0023	0.0007	0.002	0.0037	0.0029	0.0025	0.0015	0.0029	0.0017	0.0029	0.0014	0.0017	0.0024	0.0028	0.0061	0.0059	0.004	0.0032	0.004	0.0031	0.0031
PE(18:0p_18:2)+H	0.0051	0.007	0.0168	0.0044	0.0074	0.0072	0.0013	0.006	0.0094	0.0091	0.006	0.0022	0.005	0.0027	0.0047	0.0016	0.002	0.0031	0.0069	0.0117	0.0109	0.0106	0.0072	0.0065	0.0049	0.0065
PE(18:1_18:2)+H	0.0154	0.0166	0.0213	0.0124	0.0201	0.0142	0.0046	0.0193	0.0177	0.0297	0.0297	0.0249	0.0397	0.0637	0.0488	0.0193	0.0234	0.0163	0.0184	0.0684	0.04	0.0255	0.0252	0.0234	0.0171	0.0175
PE(16:0_20:4)+H	0.0285	0.0258	0.0261	0.0193	0.0311	0.0236	0.0073	0.0351	0.0322	0.0374	0.0647	0.0583	0.0964	0.204	0.1458	0.038	0.0514	0.0235	0.0371	0.0969	0.0697	0.054	0.0473	0.0444	0.0356	0.0346
PE(16:0p_20:4)+H	0.0303	0.0219	0.0258	0.0274	0.0548	0.0251	0.005	0.0349	0.0235	0.0407	0.0495	0.038	0.0713	0.0433	0.0829	0.0358	0.0322	0.0348	0.0522	0.1062	0.0754	0.055	0.0586	0.0577	0.0592	0.0539
PE(16:0_20:5)+H	0.0011	0.0008	0.0013	0.0005	0.0006	0.0007	0.0002	0.0012	0.0014	0.0009	0.002	0.0021	0.0047	0.0053	0.0035	0.0017	0.0024	0.0008	0.0013	0.0018	0.0024	0.0021	0.0016	0.0015	0.0013	0.001
PE(18:0_20:4)+H	0.0566	0.0445	0.039	0.048	0.0748	0.0448	0.017	0.0742	0.0591	0.0834	0.1245	0.1226	0.1056	0.4184	0.3447	0.0822	0.0724	0.0597	0.0845	0.1703	0.1146	0.0962	0.0967	0.1045	0.0759	0.0802
PE(16:0p_22:4)+H	0.0078	0.0066	0.0086	0.007	0.0104	0.0066	0.0036	0.0083	0.0082	0.0092	0.0164	0.0192	0.0273	0.0188	0.0339	0.0242	0.0183	0.0184	0.0208	0.0592	0.0327	0.0181	0.0255	0.0245	0.0287	0.0252
PE(18:0p_20:4)+H	0.0225	0.0231	0.032	0.025	0.0406	0.0295	0.0072	0.029	0.0308	0.0373	0.0386	0.0242	0.0461	0.027	0.0404	0.0211	0.0203	0.0214	0.0341	0.0596	0.0479	0.0411	0.0411	0.0343	0.035	0.0363
PE(18:1_20:4)+H	0.0292	0.0285	0.0259	0.0194	0.0351	0.0316	0.0094	0.0433	0.0346	0.0375	0.0549	0.0522	0.0888	0.1561	0.1264	0.0425	0.0574	0.0309	0.037	0.0928	0.0732	0.0615	0.0471	0.0429	0.0385	0.0376
PE(18:0_20:5)+H	0.0026	0.0017	0.0021	0.0016	0.0021	0.0014	0.0008	0.0027	0.0027	0.0024	0.0048	0.0048	0.0063	0.0162	0.0119	0.0039	0.0039	0.0026	0.0034	0.0096	0.0063	0.0043	0.0041	0.0041	0.0034	0.0027
PE(18:1p_20:4)+H	0.0163	0.0124	0.0179	0.0138	0.0344	0.012	0.0019	0.0203	0.0128	0.0236	0.0303	0.019	0.0461	0.0271	0.0437	0.018	0.0153	0.0157	0.0266	0.0463	0.0389	0.0284	0.0275	0.0288	0.0289	0.0259
PE(16:0_22:6)+H	0.0941	0.0787	0.0632	0.0541	0.0743	0.0746	0.0311	0.113	0.124	0.0992	0.1964	0.2084	0.2368	0.8548	0.4595	0.1878	0.2314	0.0948	0.1439	0.2263	0.1831	0.1749	0.125	0.1311	0.1066	0.1003
PE(16:0p_22:6)+H	0.0338	0.0379	0.0687	0.0322	0.0618	0.0378	0.006	0.0454	0.0459	0.0654	0.0669	0.0521	0.0882	0.0694	0.1027	0.0496	0.0402	0.0529	0.0848	0.1785	0.1273	0.0965	0.0885	0.0925	0.0806	0.0727
PE(18:0p_22:4)+H	0.0037	0.0036	0.0064	0.0036	0.0054	0.0039	0.0009	0.0042	0.0051	0.0052	0.0075	0.0067	0.0113	0.0074	0.01	0.0071	0.0054	0.0054	0.0079	0.0183	0.0116	0.0081	0.0099	0.0085	0.0093	0.009
PE(20:0p_20:4)+H	0.0039	0.0065	0.0083	0.0056	0.0084	0.009	0.0015	0.0063	0.0098	0.0089	0.0097	0.0037	0.0093	0.0066	0.0087	0.0025	0.0035	0.0025	0.0071	0.0131	0.0096	0.0098	0.0092	0.0068	0.0056	0.0078
PE(18:0p_22:5)+H	0.0221	0.0336	0.0639	0.0259	0.0374	0.0343	0.0083	0.033	0.0389	0.0413	0.036	0.017	0.032	0.0215	0.0202	0.0122	0.0121	0.0166	0.0437	0.0383	0.0505	0.0492	0.0363	0.0373	0.0265	0.0337
PE(18:0_22:6)+H	0.0231	0.0169	0.015	0.017	0.027	0.017	0.006	0.0314	0.0263	0.0332	0.0789	0.0983	0.0849	0.4513	0.3653	0.092	0.0816	0.0373	0.0565	0.1057	0.0667	0.0524	0.0498	0.0627	0.0479	0.0492
PE(18:0p_22:6)+H	0.0255	0.0327	0.0614	0.0271	0.0447	0.0349	0.0073	0.0346	0.0442	0.0486	0.043	0.0261	0.0506	0.0349	0.0476	0.0251	0.022	0.0234	0.0462	0.0621	0.0587	0.0616	0.0473	0.0462	0.0378	0.0436
PE(18:1_22:6)+H	0.0563	0.0415	0.0377	0.0401	0.0582	0.0587	0.0205	0.0692	0.0595	0.0596	0.0984	0.1191	0.1826	0.2367	0.1848	0.1188	0.1523	0.0663	0.0652	0.1182	0.0852	0.0771	0.064	0.0761	0.0701	0.0633
PE(18:1p_22:6)+H	0.0107	0.0126	0.016	0.0095	0.0191	0.0114	0.0026	0.0129	0.0147	0.0161	0.0184	0.0134	0.0226	0.0176	0.0249	0.0122	0.0109	0.0118	0.0166	0.0364	0.0281	0.0222	0.0197	0.0212	0.0177	0.0176
PE(20:0p_22:6)+H	0.0068	0.0099	0.016	0.008	0.0129	0.012	0.0024	0.0106	0.0174	0.0142	0.0122	0.0053	0.0106	0.0114	0.0127	0.0041	0.0053	0.0036	0.0121	0.0124	0.0129	0.0166	0.0109	0.0108	0.0077	0.011
LPE(16:0)+H	0.0342	0.0498	0.0693	0.0295	0.0432	0.0413	0.0098	0.0427	0.065	0.0498	0.033	0.0165	0.0264	0.0425	0.0299	0.012	0.0163	0.0154	0.0433	0.0646	0.0733	0.0612	0.0396	0.047	0.0327	0.0355
LPE(18:0)+H	0.0338	0.0467	0.0617	0.0331	0.0446	0.0442	0.011	0.046	0.0666	0.0541	0.0408	0.0236	0.0347	0.0592	0.0529	0.0175	0.0211	0.0178	0.0511	0.0662	0.0698	0.0623	0.0426	0.0565	0.0359	0.0462
LPE(18:1)+H	0.0315	0.0517	0.0893	0.0276	0.049	0.0433	0.0093	0.0403	0.0509	0.0638	0.0258	0.0118	0.0146	0.0186	0.0146	0.0065	0.0097	0.0157	0.032	0.0799	0.0748	0.0476	0.0414	0.0404	0.0282	0.0377
LPE(18:2)+H	0.0459	0.0826	0.1781	0.0479	0.0817	0.0701	0.014	0.0631	0.0808	0.1176	0.0492	0.021	0.0229	0.0262	0.018	0.0091	0.012	0.0197	0.0628	0.1378	0.1398	0.0821	0.075	0.0872	0.053	0.0725
LPE(22:6)+H	0.0936	0.1464	0.1701	0.077	0.1058	0.1566	0.0257	0.1377	0.2005	0.1493	0.103	0.0747	0.0816	0.1222	0.0858	0.0713	0.0819	0.0504	0.1611	0.1295	0.2197	0.1928	0.1291	0.1566	0.1061	0.1265
PC(15:0_16:0)	0.004	0.0041	0.006	0.0033	0.0057	0.0043	0.001	0.0051	0.006	0.0054	0.0053	0.0034	0.0054	0.0046	0.0067	0.0031	0.0027	0.003	0.0047	0.0102	0.0073	0.0063	0.0057	0.0052	0.0046	0.0043
PC(16:0_16:1)	0.0677	0.0658	0.1339	0.0365	0.0539	0.0485	0.015	0.0634	0.0881	0.0555	0.063	0.0576	0.055	0.0947	0.0909	0.0332	0.0438	0.0391	0.0643	0.1171	0.1289	0.085	0.075	0.0535	0.0584	0.0464
PC(17:1_16:0)	0.0231	0.0282	0.0517	0.0157	0.0228	0.0243	0.006	0.0272	0.0318	0.0253	0.0173	0.0116	0.0103	0.0271	0.0241	0.008	0.0091	0.0106	0.019	0.0303	0.04	0.0372	0.0299	0.0181	0.0201	0.0151
PC(15:0_18:2)	0.0121	0.0211	0.0369	0.0142	0.0191	0.0193	0.0055	0.018	0.0234	0.0241	0.0123	0.0073	0.0059	0.0172	0.0119	0.0045	0.0044	0.0067	0.0129	0.0183	0.0199	0.0187	0.0167	0.0135	0.0106	0.01
PC(18:0_16:0)	0.0296	0.0323	0.0543	0.0263	0.0414	0.0284	0.008	0.0373	0.0445	0.0497	0.0452	0.0284	0.0596	0.0365	0.047	0.0296	0.0284	0.0229	0.0434	0.0612	0.0588	0.0536	0.041	0.0423	0.031	0.041
PC(16:0_18:1)	1.7446	1.91	3.248	1.1252	1.6397	1.616	0.2918	1.8345	2.9718	1.9524	1.9204	1.6154	1.325	3.419	3.2951	1.0362	1.3064	0.8858	2.1066	2.4408	2.9408	2.6936	2.1138	1.8763	1.688	1.8788
PC(16:1_18:1)	3.3608	4.0645	6.0847	3.2582	4.1611	3.7822	1.2112	3.7121	5.8146	4.8683	4.542	3.3096	2.6168	5.2441	4.3526	1.7993	2.1077	1.6762	3.606	4.1562	4.0749	4.0674	3.8584	3.9645	2.8343	3.2977
PC(17:0_18:1)	0.0248	0.0297	0.0476	0.0188	0.0252	0.0265	0.0068	0.0311	0.0373	0.03	0.0213	0.0143	0.0123	0.034	0.0349	0.0109	0.0107	0.0104	0.021	0.0302	0.038	0.039	0.0266	0.0221	0.0196	0.0201
PC(17:0_18:2)	0.0612	0.0936	0.1548	0.0653	0.0863	0.0818	0.0224	0.0887	0.1061	0.1125	0.0642	0.0375	0.0289	0.0822	0.0724	0.0202	0.0188	0.0259	0.0555	0.0987	0.0998	0.0955	0.0771	0.0678	0.0472	0.0504
PC(18:0_18:0)	0.0043	0.005	0.0094	0.0043	0.0059	0.0046	0.0011	0.0053	0.0074	0.0063	0.0058	0.0024	0.0075	0.0038	0.0043	0.0026	0.0028	0.0021	0.0063	0.0053	0.0066	0.0082	0.0049	0.0065	0.0033	0.0051
PC(18:0_18:1)	0.3312	0.3403	0.628	0.2175	0.3289	0.27	0.0748	0.3552	0.456	0.4166	0.4006	0.302	0.2731	0.668	0.6544	0.2193	0.215	0.1312	0.2989	0.4093	0.454	0.3632	0.2775	0.3079	0.237	0.3202
PC(18:1_18:1)	0.2772	0.346	0.422	0.1842	0.3147	0.2807	0.0587	0.3162	0.4225	0.3541	0.238	0.1831	0.1196	0.3308	0.3488	0.0998	0.121	0.1385	0.2713	0.4693	0.4851	0.4095	0.2689	0.2376	0.2279	0.2436
PC(18:0_18:2)	2.0415	2.5099	4.1369	1.9152	2.5105	2.1926	0.5802	2.4252	3.2434	3.3007	2.7331	1.8937	1.5339	3.6817	3.5271	1.0807	0.9554	0.8087	2.1251	2.7317	2.7118	2.4537	2.1684	2.2635	1.489	1.9557
PC(18:1_18:2)	0.6595	0.9476	1.3052	0.6034	0.9436	0.7578	0.2173	0.8003	1.105	1.1249	0.7003	0.4693	0.3092	0.8132	0.6858	0.1814	0.2154	0.3115	0.6804	1.1941	1.094	0.9053	0.7347	0.653	0.5224	0.5765
PC(16:0_20:3)	0.4341	0.582	0.8355	0.334	0.4918	0.5017	0.1365	0.5245	0.6953	0.6215	0.4755	0.335	0.2729	0.6255	0.6513	0.1656	0.1938	0.1855	0.4667	0.5308	0.8458	0.7378	0.5535	0.454	0.4022	0.3831
PC(18:2_18:2)	0.1184	0.1981	0.58	0.1294	0.2305	0.1239	0.0418	0.1355	0.1847	0.302	0.1301	0.0528	0.0518	0.0792	0.0598	0.0159	0.0155	0.0503	0.0824	0.308	0.2432	0.1246	0.1666	0.1128	0.0727	0.0854
PC(16:0_20:4)	1.2506	1.5511	1.4596	1.2824	1.4977	1.4885	0.5104	1.5746	2.2684	1.735	1.8588	1.6295	1.3309	3.062	2.8127	1.1135	1.2109	0.6967	1.5603	1.7418	1.7072	1.7606	1.3464	1.5197	1.0616	1.3104
PC(16:0e_20:4)	0.0164	0.0285	0.035	0.0185	0.0289	0.0297	0.0062	0.0221	0.0299	0.0347	0.0184	0.0077	0.0148	0.0134	0.0153	0.0053	0.0061	0.0069	0.02	0.0281	0.0307	0.0291	0.0201	0.0198	0.0135	0.0171
PC(16:1_20:4)	0.0074	0.0107	0.0089	0.0056	0.0088	0.0072	0.0029	0.0088	0.0117	0.0095	0.004	0.0037	0.0022	0.0076	0.0068	0.0022	0.0024	0.0034	0.0082	0.0127	0.0154	0.0129	0.0079	0.0061	0.0058	0.0044
PC(16:0_20:5)	0.0375	0.0396	0.1093	0.032	0.0382	0.0308	0.0121	0.0502	0.0631	0.0512	0.0349	0.0219	0.0199	0.0511	0.0339	0.0111	0.009	0.0167	0.043	0.0383	0.0841	0.0697	0.0496	0.0378	0.0375	0.0244
PC(19:0_18:2)	0.0228	0.0351	0.0617	0.023	0.0329	0.0259	0.0085	0.0297	0.0349	0.0433	0.0198	0.01	0.0081	0.0171	0.0166	0.005	0.0045	0.0095	0.0209	0.0509	0.0397	0.0345	0.0289	0.0251	0.0163	0.0181
PC(17:0_20:4)	0.0169	0.0251	0.0207	0.0205	0.0214	0.0239	0.007	0.0289	0.0319	0.0279	0.02	0.0163	0.0109	0.0455	0.0427	0.0117	0.0102	0.0083	0.0213	0.0237	0.0239	0.0338	0.0202	0.021	0.0126	0.0158
PC(20:1_18:2)	0.0561	0.0726	0.0883	0.0457	0.0657	0.0573	0.017	0.0732	0.0842	0.0793	0.0546	0.042	0.0312	0.0778	0.0772	0.0292	0.0271	0.0298	0.0745	0.1043	0.1066	0.0956	0.0646	0.063	0.0486	0.054
PC(18:0_20:3)	0.1738	0.192	0.276	0.1162	0.1609	0.1615	0.039	0.1948	0.2342	0.2234	0.1998	0.1629	0.1204	0.3444	0.4267	0.0962	0.0984	0.0702	0.209	0.1648	0.3018	0.2666	0.1716	0.1787	0.1377	0.1674
PC(18:0_20:4)	0.6583	0.7307	0.6265	0.6272	0.7078	0.6536	0.178	0.8556	1.1452	0.9665	1.1028	1.0094	0.7548	2.4055	2.5208	0.8506	0.7486	0.3164	0.9645	0.803	0.7689	0.9645	0.578	0.7867	0.443	0.7582
PC(16:0e_22:4)	0.0036	0.0059	0.0073	0.0046	0.0061	0.0062	0.0015	0.0051	0.0069	0.0072	0.0043	0.0019	0.0036	0.0036	0.0037	0.0016	0.0015	0.0015	0.0046	0.0056	0.0058	0.0066	0.0044	0.0042	0.003	0.0042
PC(18:0p_20:4)	0.0166	0.0299	0.0322	0.0175	0.0301	0.0288	0.0063	0.0218	0.0276	0.0349	0.013	0.0061	0.0108	0.0133	0.0144	0.0045	0.0054	0.006	0.0164	0.023	0.0257	0.0273	0.0178	0.0173	0.0122	0.015
PC(18:1_20:4)	0.4502	0.5412	0.48	0.3628	0.4795	0.447	0.1441	0.543	0.734	0.5391	0.4408	0.4233	0.2802	0.7207	0.7027	0.27	0.3029	0.2193	0.5151	0.6101	0.6517	0.6677	0.4283	0.4389	0.3812	0.4088
PC(16:0_22:5)	0.0797	0.0932	0.1598	0.058	0.0709	0.0609	0.0208	0.0924	0.1168	0.1012	0.0828	0.0565	0.0587	0.1325	0.1203	0.0343	0.0289	0.0329	0.0775	0.1111	0.1575	0.1208	0.0968	0.0739	0.0661	0.0613
PC(18:2_20:4)	0.9305	1.2757	1.4743	0.8251	1.0973	1.168	0.2479	1.2567	1.9832	1.5536	1.6733	1.3531	1.1272	3.5047	2.6764	1.0016	1.1727	0.4816	1.5885	1.0655	1.6213	1.9508	1.1784	1.4159	0.9633	1.2179
PC(16:0_22:6)	0.686	0.8949	1.0592	0.5972	0.8014	0.8317	0.1917	0.8987	1.4611	1.1017	1.2315	1.0162	0.8456	2.5546	1.8573	0.7568	0.8963	0.3268	1.0525	0.7086	1.0774	1.3368	0.8032	0.9447	0.6559	0.8425
PC(17:0_22:6)	0.0216	0.0314	0.0324	0.0224	0.0242	0.0322	0.0067	0.0344	0.0414	0.035	0.0278	0.0213	0.0167	0.0612	0.0527	0.0159	0.0154	0.0111	0.0296	0.0188	0.0279	0.045	0.0265	0.0295	0.0201	0.0225
PC(22:0_18:2)	0.0008	0.001	0.0021	0.0008	0.0011	0.0008	0.0002	0.0009	0.0011	0.0014	0.0008	0.0004	0.0004	0.0006	0.0005	0.0002	0.0002	0.0003	0.0006	0.0016	0.0013	0.0009	0.0009	0.0007	0.0005	0.0006
PC(18:1_22:3)	0.0029	0.0034	0.0058	0.0021	0.003	0.0032	0.0007	0.0034	0.0043	0.0041	0.0034	0.0025	0.0024	0.0059	0.0055	0.0019	0.0018	0.0014	0.0046	0.0036	0.0064	0.0054	0.0036	0.0042	0.0029	0.0034
PC(18:0_22:4)	0.0046	0.0065	0.0086	0.0038	0.0058	0.0051	0.0014	0.0052	0.0066	0.0076	0.0054	0.004	0.0045	0.0096	0.0097	0.0036	0.0032	0.002	0.0054	0.0065	0.0098	0.0076	0.0059	0.0061	0.0045	0.0056
PC(18:0_22:5)	0.0296	0.032	0.0529	0.0211	0.0289	0.0264	0.0068	0.0338	0.0439	0.0359	0.0386	0.0317	0.0279	0.0808	0.075	0.0243	0.0245	0.0125	0.043	0.0313	0.0577	0.0523	0.0326	0.041	0.0295	0.0352
PC(18:0_22:6)	0.3338	0.3773	0.5341	0.2683	0.3333	0.3619	0.074	0.4055	0.5459	0.5113	0.7572	0.6257	0.6047	1.8192	1.801	0.5319	0.5482	0.1645	0.5261	0.3265	0.5116	0.5458	0.3464	0.4819	0.305	0.4332
PC(18:1_22:6)	0.1548	0.2441	0.1914	0.1124	0.1747	0.1937	0.0357	0.2148	0.2818	0.2388	0.197	0.1682	0.0943	0.4264	0.3328	0.1001	0.1143	0.0665	0.2142	0.1902	0.2981	0.3234	0.1652	0.1572	0.1469	0.1519
PC(18:2_22:6)	0.0129	0.0211	0.0268	0.0069	0.0194	0.0165	0.0051	0.0149	0.023	0.0238	0.0121	0.0091	0.0088	0.0159	0.0143	0.0052	0.0047	0.0047	0.012	0.0114	0.0193	0.0192	0.0113	0.0131	0.0086	0.0106
PC(20:4_22:6)	0.004	0.0069	0.0067	0.0033	0.0057	0.0043	0.0014	0.0045	0.0062	0.0064	0.0031	0.0021	0.0032	0.0037	0.0036	0.0015	0.0015	0.0011	0.0037	0.0029	0.0058	0.0058	0.003	0.0035	0.0022	0.003
PC(20:2_22:1)	0.0004	0.0005	0.0008	0.0004	0.0007	0.0004	0.0001	0.0005	0.0006	0.0007	0.0005	0.0003	0.0004	0.0004	0.0005	0.0002	0.0002	0.0002	0.0005	0.0011	0.0008	0.0007	0.0006	0.0005	0.0004	0.0004
PC(20:1_22:6)	0.005	0.0064	0.0045	0.0031	0.0045	0.0049	0.001	0.007	0.0078	0.0058	0.006	0.0046	0.0028	0.0106	0.0118	0.0024	0.003	0.0019	0.0061	0.0076	0.0099	0.0099	0.0048	0.0048	0.0043	0.0045
LPC(14:0)+H	0.0049	0.0074	0.0093	0.0045	0.0055	0.006	0.0017	0.0059	0.0088	0.0067	0.0037	0.0017	0.0024	0.0027	0.0029	0.0011	0.0016	0.002	0.0054	0.0079	0.0082	0.0097	0.0055	0.0047	0.0049	0.0041
LPC(15:0)+H	0.0094	0.0164	0.0216	0.0119	0.0146	0.0167	0.0054	0.0132	0.0196	0.0155	0.0073	0.0038	0.0048	0.0056	0.005	0.0033	0.0035	0.0047	0.0094	0.0106	0.0129	0.0194	0.0109	0.0095	0.0087	0.0075
LPC(16:0)+H	1.3879	2.188	3.1313	1.5475	2.1012	2.0325	0.4888	1.8597	3.0291	2.4321	1.6527	0.7915	1.2155	1.6365	1.5354	0.5568	0.8081	0.5818	1.8667	1.7712	2.4997	2.6815	1.662	1.8366	1.362	1.4667
LPC(16:0e)+H	0.0041	0.0074	0.0086	0.0054	0.0075	0.008	0.0018	0.0059	0.0091	0.0084	0.0051	0.0025	0.0044	0.0046	0.0045	0.0016	0.0021	0.0021	0.0071	0.0096	0.009	0.0123	0.0061	0.0075	0.0061	0.0066
LPC(16:0p)+H	0.0006	0.0014	0.0016	0.0007	0.0012	0.0011	0.0001	0.0009	0.0016	0.0014	0.0012	0.0002	0.0007	0.0007	0.0006	0.0001	0.0002	0.0002	0.0011	0.0016	0.0015	0.0019	0.0009	0.001	0.0006	0.001
LPC(16:1)+H	0.0362	0.0624	0.1083	0.0299	0.0501	0.044	0.0116	0.0537	0.0789	0.0442	0.0243	0.0114	0.0149	0.02	0.021	0.0068	0.0106	0.0129	0.0464	0.0502	0.0767	0.0658	0.0339	0.0326	0.0355	0.028
LPC(17:0)+H	0.0197	0.0335	0.0431	0.0261	0.0302	0.0321	0.0086	0.0321	0.0429	0.037	0.0188	0.0097	0.0131	0.0196	0.0186	0.0078	0.0085	0.0085	0.0234	0.0216	0.0275	0.0454	0.0232	0.0237	0.0178	0.0183
LPC(18:0)+H	0.9492	1.3007	1.924	1.0447	1.2894	1.2231	0.2669	1.3066	1.8481	1.7511	1.1096	0.6883	1.0321	1.6358	1.6808	0.5806	0.7159	0.3928	1.4677	1.0977	1.5147	1.7256	1.0077	1.3743	0.8867	1.1468
LPC(18:0e)+H	0.0012	0.0017	0.0026	0.0015	0.0019	0.0019	0.0008	0.0016	0.0025	0.0022	0.0013	0.0007	0.0014	0.0013	0.0012	0.0005	0.0006	0.0008	0.0023	0.0022	0.0028	0.0034	0.002	0.0021	0.0017	0.002
LPC(18:0p)+H	0.0031	0.0054	0.0064	0.0038	0.0059	0.0058	0.0013	0.0043	0.0064	0.0062	0.0028	0.0011	0.0025	0.0024	0.0022	0.0009	0.0013	0.0013	0.0049	0.0052	0.0059	0.0084	0.0045	0.0048	0.0043	0.0049
LPC(18:1)+H	0.7407	1.0658	1.4619	0.5642	0.9077	0.8573	0.1964	0.9169	1.3612	0.9596	0.4846	0.2032	0.3344	0.3665	0.3486	0.1393	0.204	0.2338	0.7199	0.8718	1.1648	1.1329	0.6385	0.5767	0.5377	0.539
LPC(18:2)+H	1.1002	1.7813	2.838	1.0941	1.5742	1.4654	0.3119	1.4544	2.2105	1.7844	0.9088	0.2772	0.5417	0.3435	0.3052	0.1457	0.1773	0.3039	1.1376	1.5332	1.6955	1.4923	1.068	0.9779	0.7463	0.792
LPC(18:3)+H	0.0145	0.0242	0.0409	0.0001	0.0085	0.0057	0.0002	0.0178	0.0111	0.0211	0.0047	0.0033	0.0059	0.0073	0.0062	0.0023	0.0028	0	0.0172	0.0255	0.0226	0.0227	0.0141	0.0045	0.0102	0.0104
LPC(18:4)+H	0.0081	0.0131	0.018	0.0057	0.0095	0.0097	0.0016	0.0103	0.0138	0.01	0.0041	0.0014	0.0022	0.0038	0.0038	0.0008	0.0014	0.0017	0.0081	0.0108	0.0172	0.0135	0.0084	0.0063	0.007	0.0058
LPC(19:0)+H	0.0077	0.013	0.0192	0.0101	0.0123	0.011	0.0034	0.0113	0.0158	0.0151	0.0061	0.0031	0.0042	0.0056	0.0053	0.0022	0.0027	0.0032	0.009	0.0107	0.0119	0.0162	0.0098	0.0106	0.0071	0.0076
LPC(20:0)+H	0.0048	0.0076	0.012	0.0056	0.0073	0.0063	0.0019	0.0068	0.0089	0.0087	0.0039	0.0019	0.0028	0.0033	0.003	0.001	0.0013	0.0017	0.0056	0.0073	0.0082	0.0101	0.0063	0.0059	0.0044	0.0047
LPC(20:1)+H	0.0171	0.0255	0.028	0.0152	0.022	0.021	0.0044	0.0256	0.0312	0.0257	0.0114	0.0047	0.007	0.0098	0.0103	0.0026	0.0042	0.0043	0.0197	0.0226	0.027	0.0317	0.0155	0.016	0.0135	0.0151
LPC(20:2)+H	0.0118	0.0178	0.02	0.0088	0.0123	0.0134	0.0035	0.0145	0.0192	0.0139	0.0064	0.0026	0.0048	0.0029	0.0035	0.0015	0.002	0.0032	0.0095	0.0133	0.0216	0.0192	0.0127	0.0091	0.0104	0.0085
LPC(20:4)+H	0.3097	0.5562	0.4211	0.3519	0.4492	0.4907	0.105	0.5002	0.7095	0.5133	0.2547	0.1037	0.2057	0.1719	0.1736	0.0822	0.1031	0.0938	0.4529	0.4835	0.5013	0.5468	0.3102	0.3332	0.2369	0.2954
LPC(20:5)+H	0.019	0.0246	0.0486	0.0183	0.0189	0.0202	0.0065	0.0251	0.0376	0.0233	0.0138	0.0048	0.0101	0.0048	0.0043	0.0024	0.0023	0.0053	0.0183	0.0154	0.0268	0.0284	0.0181	0.0138	0.0161	0.0116
LPC(22:0)+H	0.0023	0.0032	0.005	0.0025	0.0033	0.0031	0.0009	0.0031	0.0043	0.0039	0.0024	0.0015	0.002	0.0031	0.0026	0.001	0.0011	0.0008	0.0024	0.0028	0.0034	0.0041	0.0029	0.0026	0.002	0.0022
LPC(22:1)+H	0.0009	0.0012	0.0014	0.001	0.0013	0.0013	0.0003	0.0012	0.0018	0.0015	0.0009	0.0005	0.0007	0.001	0.001	0.0003	0.0003	0.0003	0.001	0.0014	0.0014	0.0016	0.0011	0.001	0.0008	0.001
LPC(22:4)+H	0.0029	0.0057	0.0057	0.0028	0.0043	0.0047	0.0009	0.0039	0.0054	0.0048	0.0021	0.0007	0.0017	0.0009	0.0008	0.0005	0.0005	0.0009	0.0037	0.0059	0.0082	0.0059	0.0048	0.0043	0.0039	0.0041
LPC(22:5)+H	0.0154	0.0258	0.0391	0.0123	0.0182	0.0193	0.0046	0.0181	0.0265	0.0202	0.0104	0.0035	0.0087	0.0047	0.0041	0.0026	0.0035	0.0048	0.0208	0.0229	0.0433	0.0322	0.024	0.019	0.019	0.0167
LPC(22:6)+H	0.2121	0.3818	0.3827	0.209	0.2779	0.3512	0.0687	0.3238	0.4835	0.3552	0.2151	0.088	0.1887	0.1235	0.1149	0.0711	0.091	0.0701	0.3349	0.2555	0.3771	0.4218	0.2324	0.2434	0.1998	0.2231
LPC(24:1)+H	0.0011	0.0016	0.002	0.0011	0.0016	0.0015	0.0004	0.0015	0.0021	0.0018	0.0015	0.001	0.0013	0.002	0.0021	0.0006	0.0008	0.0005	0.0016	0.0023	0.0024	0.0023	0.0018	0.0016	0.0013	0.0014
DG(16:0_18:1)+NH4	0.0589	0.0402	0.0444	0.029	0.0316	0.0245	0.0144	0.0591	0.0217	0.084	0.0745	0.0961	0.0287	0.2923	0.1592	0.0295	0.0259	0.0556	0.0391	0.129	0.0834	0.0647	0.0806	0.0485	0.042	0.0611
DG(16:0_18:2)+NH4	0.0927	0.0642	0.0716	0.0483	0.0561	0.0391	0.0265	0.0839	0.0353	0.148	0.1205	0.1657	0.0432	0.474	0.2716	0.0511	0.0416	0.0887	0.0684	0.2088	0.1272	0.114	0.1345	0.0919	0.0714	0.1002
DG(18:0_18:1)+NH4	0.0164	0.0143	0.0151	0.0128	0.0146	0.0101	0.0079	0.0159	0.0118	0.0294	0.0242	0.0263	0.0127	0.0603	0.0363	0.0113	0.01	0.0209	0.0145	0.0433	0.0251	0.0149	0.0222	0.0206	0.0146	0.0239
DG(18:1_18:1)+NH4	0.2563	0.1822	0.1686	0.1309	0.1241	0.1143	0.0607	0.2814	0.0929	0.3663	0.2686	0.3283	0.0528	1.1161	0.5331	0.0927	0.0699	0.2224	0.1605	0.4712	0.3275	0.2669	0.3192	0.184	0.1517	0.2466
DG(18:0_18:2)+NH4	0.0246	0.0229	0.0192	0.0158	0.0168	0.0119	0.0065	0.0225	0.0105	0.0528	0.0304	0.0406	0.0156	0.1003	0.0607	0.0157	0.0109	0.0342	0.0188	0.0616	0.0318	0.0197	0.0344	0.0333	0.0218	0.0352
DG(18:1_18:2)+NH4	0.3047	0.2333	0.2255	0.1951	0.2214	0.1457	0.0935	0.3078	0.113	0.6412	0.38	0.5041	0.0792	1.6827	0.7983	0.1583	0.1083	0.3509	0.2201	0.7794	0.3917	0.3691	0.4559	0.3356	0.2049	0.3969
DG(18:2_18:2)+NH4	0.1213	0.0796	0.1064	0.0873	0.1178	0.0538	0.0454	0.0946	0.0367	0.3222	0.1528	0.1805	0.0365	0.602	0.313	0.0595	0.0406	0.1766	0.0803	0.3951	0.1772	0.132	0.2137	0.1656	0.08	0.1891
DG(18:1_20:4)+NH4	0.0385	0.0288	0.0188	0.0263	0.0277	0.0165	0.0132	0.037	0.0202	0.056	0.0925	0.1387	0.0426	0.6119	0.48	0.0535	0.0479	0.0467	0.0442	0.1538	0.0644	0.0701	0.07	0.0495	0.0388	0.0594
DG(18:2_20:4)+NH4	0.0229	0.0176	0.0077	0.0175	0.0218	0.0115	0.0101	0.0208	0.0119	0.043	0.0745	0.1013	0.0322	0.4577	0.3486	0.0367	0.0375	0.0357	0.0327	0.118	0.035	0.0508	0.0417	0.0438	0.0276	0.0461
DG(18:1_20:5)+NH4	0.0162	0.0038	0.0018	0.0049	0.0028	0.002	0.0041	0.0112	0.0035	0.0107	0.0247	0.04	0.0039	0.1632	0.1164	0.0111	0.009	0.0122	0.011	0.0275	0.01	0.0286	0.0199	0.0098	0.0103	0.0101
DG(16:0_22:6)+NH4	0.0106	0.007	0.0027	0.0044	0.0044	0.0041	0.004	0.0098	0.0033	0.0099	0.0348	0.0609	0.0253	0.2292	0.1625	0.0257	0.0218	0.0146	0.012	0.0164	0.0115	0.0186	0.0139	0.0121	0.0133	0.0128
DG(18:1_22:6)+NH4	0.0959	0.085	0.0254	0.0565	0.0437	0.0512	0.0382	0.1139	0.047	0.0997	0.1661	0.2652	0.0404	1.1192	0.7097	0.0962	0.065	0.073	0.0824	0.14	0.0752	0.1674	0.105	0.0695	0.0691	0.0842
DG(18:2_22:6)+NH4	0.0576	0.0515	0.0133	0.0362	0.0293	0.0298	0.0186	0.0612	0.0253	0.0776	0.1194	0.1888	0.0308	0.8262	0.5093	0.0608	0.0458	0.0545	0.0718	0.1247	0.0569	0.1393	0.0745	0.067	0.0531	0.0685
DG(38:0_16:0)+NH4	0.0597	0.0875	0.0497	0.0428	0.0581	0.0251	0.0109	0.0475	0.0399	0.0559	0.0911	0.1008	0.0594	0.1594	0.1826	0.0324	0.0359	0.0427	0.1203	0.1174	0.0629	0.1216	0.1631	0.1609	0.1369	0.0776
ChE(18:1)+NH4	2.3849	2.9395	3.3961	1.7954	2.6077	2.2595	0.6475	2.7864	3.4094	3.6928	2.7471	1.4833	1.4397	2.8114	3.0369	0.8065	1.2457	1.1254	2.7237	4.465	3.4919	3.4976	2.2482	2.7612	2.0827	2.3834
ChE(18:2)+NH4	12.2564	17.9166	25.4066	10.6309	15.3042	17.7596	4.4387	16.4979	19.2085	20.6154	14.1303	5.3207	8.4423	9.7016	9.7077	4.0413	5.9831	4.8244	16.5063	12.9394	19.841	20.3963	16.691	16.1012	11.9945	13.2892
ChE(20:3)+NH4	2.5788	2.9752	3.8108	1.5975	2.5757	2.988	0.7614	2.9236	4.0004	2.8842	2.3292	1.1715	1.5924	2.2057	2.5916	0.9687	1.5934	0.8895	2.9841	1.7652	3.7689	3.8453	2.5143	2.4124	2.0404	2.1816
ChE(20:4)+NH4	21.2287	28.4561	29.6788	21.9871	28.7907	35.0469	9.9326	32.1773	44.4019	31.915	29.2113	15.0844	25.3582	33.6326	35.757	16.8248	24.0522	8.9793	38.1658	23.3058	33.9231	41.0693	24.7682	28.8339	22.295	27.649
ChE(20:5)+NH4	3.2754	3.6499	7.7951	2.7948	3.6563	3.9769	1.0762	3.9693	8.236	2.7104	2.9361	0.9411	3.2548	0.9587	1.4574	0.8946	1.2596	0.8688	4.9575	1.1875	4.4154	6.3751	2.7128	3.174	3.3088	2.5869
ChE(22:5)+NH4	1.2653	1.4931	2.3602	0.916	1.39	1.6064	0.5145	1.4993	2.434	1.2834	1.145	0.5125	1.1977	1.0313	1.1846	0.6149	0.9349	0.3993	1.7716	0.7998	2.2129	2.5077	1.3491	1.548	1.4887	1.2103
ChE(22:6)+NH4	11.9924	16.2138	17.5468	12.0055	19.3858	23.5529	7.1107	13.2062	42.7355	11.7268	15.7907	5.9461	32.4866	7.3761	13.1036	13.291	26.8713	4.3874	30.254	7.166	14.9017	27.9169	10.0309	19.4211	14.0417	14.2776
SM(d17:0_15:1)+H	0.002	0.0027	0.0042	0.0018	0.0022	0.0023	0.0006	0.0024	0.0035	0.003	0.0032	0.0018	0.0028	0.004	0.0048	0.0017	0.0016	0.0009	0.0029	0.0035	0.0039	0.0048	0.0028	0.0027	0.0021	0.0023
SM(d33:1)+H	0.0103	0.0153	0.0294	0.0095	0.014	0.0124	0.0031	0.0121	0.0181	0.0181	0.0149	0.0075	0.0112	0.017	0.0183	0.0067	0.0059	0.0039	0.0141	0.0187	0.02	0.0232	0.0143	0.0139	0.0088	0.0104
SM(d34:0)+H	0.0098	0.0086	0.0136	0.0081	0.0151	0.0083	0.0017	0.0102	0.0117	0.0147	0.0197	0.0131	0.0267	0.0255	0.041	0.0136	0.0137	0.0108	0.0207	0.0346	0.0259	0.0241	0.0174	0.0204	0.0152	0.019
SM(d18:1_16:0)+H	0.2126	0.2846	0.3972	0.1864	0.2867	0.2652	0.0588	0.2465	0.3558	0.3612	0.4699	0.3151	0.4597	0.7341	0.9269	0.2992	0.3144	0.1581	0.4418	0.614	0.5723	0.5481	0.4142	0.4304	0.342	0.3746
SM(d34:2)+H	0.0163	0.0233	0.0314	0.0151	0.0222	0.0211	0.0062	0.0195	0.0289	0.0274	0.024	0.0145	0.0203	0.0331	0.036	0.0124	0.0128	0.0083	0.0249	0.0247	0.0322	0.034	0.0231	0.0225	0.0166	0.0191
SM(d35:1)+H	0.0034	0.0041	0.0065	0.0029	0.0044	0.0042	0.0009	0.0043	0.0063	0.0056	0.006	0.003	0.0054	0.0089	0.0104	0.003	0.0027	0.0016	0.0053	0.0068	0.006	0.0085	0.0052	0.0052	0.0036	0.0044
SM(d36:0)+H	0.0017	0.0004	0.0006	0.0005	0.0011	0.0005	0.0001	0.0007	0.0009	0.0009	0.0022	0.0014	0.0047	0.0033	0.0048	0.0021	0.0019	0.0022	0.0014	0.0026	0.0017	0.0016	0.0012	0.0014	0.0013	0.0014
SM(d36:1)+H	0.0306	0.0294	0.0374	0.0228	0.0292	0.0336	0.0066	0.0311	0.0488	0.0392	0.0602	0.0362	0.0807	0.0827	0.1059	0.0397	0.0427	0.016	0.0499	0.0508	0.0469	0.0535	0.0345	0.0461	0.0312	0.0424
SM(d18:2_18:0)+H	0.0171	0.0178	0.0223	0.0139	0.0184	0.0197	0.0055	0.0176	0.0278	0.0202	0.0267	0.015	0.0309	0.0227	0.0271	0.0155	0.0167	0.0076	0.0218	0.0204	0.0224	0.0267	0.0156	0.0212	0.015	0.0193
SM(d36:3)+H	0.0016	0.0011	0.0013	0.0013	0.0019	0.0014	0.0004	0.0015	0.0018	0.0018	0.0025	0.0024	0.0063	0.0026	0.0049	0.0035	0.0034	0.0025	0.0033	0.0047	0.0032	0.0033	0.0025	0.0033	0.0031	0.0034
SM(d37:1)+H	0.0008	0.0008	0.0012	0.0007	0.0009	0.0009	0.0002	0.0009	0.0014	0.0011	0.0015	0.0007	0.0015	0.0021	0.0027	0.0009	0.0008	0.0004	0.0013	0.0012	0.0015	0.002	0.001	0.0013	0.0008	0.001
SM(d38:0)+H	0.0022	0.0003	0.0002	0.0004	0.0012	0.0002	0	0.0003	0.0002	0.0007	0.0007	0.0004	0.0009	0.0015	0.0007	0.0004	0.0008	0.0037	0.0003	0.0005	0.0004	0.0004	0.0003	0.0003	0.0004	0.0003
SM(d38:1)+H	0.0079	0.0073	0.0106	0.0066	0.0105	0.0074	0.0018	0.009	0.0104	0.0102	0.0123	0.0068	0.0162	0.016	0.0209	0.0071	0.0078	0.0045	0.0118	0.0137	0.0139	0.0155	0.009	0.0111	0.0086	0.01
SM(d39:1)+H	0.0024	0.0027	0.0047	0.0021	0.0026	0.0025	0.0008	0.0026	0.0038	0.003	0.0023	0.0013	0.0025	0.0028	0.003	0.0012	0.0012	0.001	0.0031	0.0028	0.0036	0.0053	0.0026	0.003	0.0019	0.0022
SM(d40:0)+H	0.0021	0.0008	0.001	0.001	0.0021	0.0007	0.0002	0.0012	0.0011	0.0015	0.0015	0.0009	0.0024	0.0018	0.0021	0.001	0.0012	0.0021	0.001	0.0013	0.0013	0.0012	0.0009	0.001	0.001	0.0009
SM(d40:1)+H	0.0364	0.0391	0.0615	0.0324	0.0464	0.0378	0.0114	0.0425	0.0551	0.0465	0.0493	0.0305	0.0642	0.0658	0.0784	0.0292	0.0321	0.0185	0.0534	0.0503	0.0699	0.0753	0.0457	0.0535	0.0393	0.0445
SM(d17:0_23:2)+H	0.006	0.0068	0.0075	0.0041	0.0059	0.006	0.0016	0.0066	0.009	0.0068	0.0094	0.0053	0.0101	0.0122	0.016	0.005	0.0059	0.0027	0.0087	0.012	0.0162	0.0125	0.0067	0.007	0.0058	0.007
SM(d18:2_22:0)+H	0.0072	0.0097	0.0155	0.0067	0.0089	0.0085	0.0026	0.0084	0.0113	0.0101	0.0079	0.004	0.0088	0.0075	0.0083	0.0034	0.004	0.0028	0.0098	0.0084	0.0141	0.0153	0.0092	0.0092	0.0068	0.0077
SM(d40:4)+H	0.0024	0.0022	0.0026	0.002	0.0033	0.0023	0.0004	0.0026	0.003	0.0029	0.0036	0.0019	0.0054	0.0038	0.005	0.0021	0.0024	0.0013	0.0039	0.0038	0.0039	0.0045	0.0031	0.0036	0.0028	0.0032
SM(d19:1_22:0)+H	0.0182	0.0249	0.0363	0.0175	0.0233	0.0228	0.0072	0.0228	0.0349	0.0254	0.0235	0.0141	0.0221	0.0297	0.0367	0.0138	0.0143	0.0083	0.0264	0.0203	0.0327	0.0394	0.021	0.0263	0.0177	0.0209
SM(d41:2)+H	0.0128	0.0182	0.0261	0.0118	0.0158	0.0143	0.0049	0.0157	0.0221	0.0183	0.0124	0.0068	0.0111	0.0142	0.0152	0.006	0.0068	0.005	0.017	0.0152	0.0248	0.03	0.0157	0.0167	0.0116	0.0123
SM(d42:1)+H	0.0341	0.0377	0.0605	0.0313	0.048	0.0346	0.0116	0.041	0.0523	0.0481	0.0447	0.0296	0.0553	0.0529	0.0653	0.0295	0.0318	0.0203	0.0468	0.0475	0.0719	0.0693	0.0422	0.0484	0.0374	0.0394
SM(d18:2_24:0)+H	0.2199	0.286	0.3202	0.1734	0.2872	0.2294	0.0624	0.2506	0.3419	0.3121	0.3242	0.193	0.3431	0.4773	0.5748	0.1835	0.2339	0.1101	0.3495	0.3768	0.493	0.5183	0.2979	0.3493	0.2582	0.2999
SM(d42:3)+H	0.043	0.065	0.0767	0.039	0.0607	0.0529	0.0151	0.0538	0.0692	0.0698	0.0622	0.0383	0.0638	0.0931	0.1108	0.0371	0.0434	0.0258	0.0774	0.0986	0.1322	0.1164	0.0778	0.0762	0.0602	0.0642
SM(d18:1_24:3)+H	0.0088	0.0087	0.0152	0.0079	0.0123	0.0096	0.0025	0.0094	0.0137	0.0106	0.0112	0.0069	0.0148	0.0179	0.0207	0.0067	0.008	0.0039	0.0149	0.0133	0.0186	0.0209	0.0099	0.0119	0.0099	0.0101
SM(d18:1_24:4)+H	0.0036	0.0049	0.0067	0.0029	0.0044	0.0041	0.0008	0.0046	0.0061	0.005	0.0054	0.0027	0.0058	0.0059	0.0073	0.0023	0.0029	0.0014	0.0064	0.0072	0.0085	0.0092	0.0049	0.0052	0.004	0.0045
SM(d43:4)+H	0.0038	0.0055	0.0084	0.0037	0.0052	0.0049	0.0015	0.0049	0.0076	0.0053	0.005	0.0029	0.0048	0.0064	0.008	0.0028	0.0029	0.0015	0.006	0.0042	0.0066	0.0093	0.0044	0.0055	0.0037	0.0042
SM(d43:5)+H	0.0026	0.004	0.0062	0.0025	0.0035	0.0031	0.0009	0.0033	0.0048	0.004	0.0027	0.0013	0.0025	0.0029	0.0034	0.0011	0.0014	0.001	0.0042	0.0046	0.0055	0.0076	0.0035	0.004	0.0026	0.0028
SM(d44:4)+H	0.0083	0.0095	0.0157	0.0076	0.0118	0.0084	0.0026	0.0101	0.0124	0.0114	0.0112	0.0069	0.0137	0.0142	0.0175	0.0065	0.0074	0.0045	0.0113	0.0114	0.0159	0.0189	0.0096	0.0116	0.0086	0.0092
SM(d44:5)+H	0.0843	0.1173	0.1345	0.0638	0.1181	0.0909	0.0148	0.1041	0.1336	0.1261	0.1318	0.0668	0.134	0.1905	0.223	0.0655	0.0901	0.0321	0.1579	0.1687	0.2062	0.2146	0.1233	0.1509	0.1083	0.1239
SM(d44:6)+H	0.0131	0.0231	0.0297	0.0113	0.0209	0.0171	0.0034	0.0186	0.022	0.0249	0.0212	0.011	0.0213	0.0327	0.0387	0.0104	0.0128	0.007	0.03	0.0392	0.0475	0.0484	0.0282	0.0281	0.0209	0.0225
Cer(d18:1_24:0+O)+H	0.0008	0.0008	0.0016	0.0006	0.0008	0.0006	0.0002	0.0007	0.0009	0.0014	0.0009	0.0003	0.0005	0.0005	0.0004	0.0002	0.0001	0.0006	0.0008	0.0025	0.0015	0.001	0.001	0.0009	0.0005	0.0008
Cer(d18:1_24:1)+H	0.0038	0.0032	0.0032	0.002	0.0029	0.0023	0.0008	0.0042	0.0048	0.0038	0.0034	0.0032	0.0033	0.0068	0.0067	0.0026	0.0024	0.0019	0.0048	0.0039	0.0056	0.0063	0.004	0.0039	0.0034	0.0036
Hex1Cer(d18:1_16:0)+H	0.0045	0.0031	0.0029	0.0037	0.0034	0.0035	0.0012	0.0047	0.0071	0.0043	0.0169	0.0316	0.0401	0.0148	0.0254	0.0517	0.03	0.0377	0.031	0.0581	0.0304	0.0192	0.0331	0.0318	0.0466	0.0385
Hex1Cer(d18:1_22:0)+H	0.002	0.0016	0.0031	0.0014	0.0018	0.0016	0.0005	0.0022	0.0032	0.0026	0.0023	0.0019	0.003	0.0016	0.0025	0.0022	0.0013	0.0026	0.0038	0.0064	0.006	0.0041	0.004	0.0035	0.0041	0.0039
Hex1Cer(d18:1_24:0)+H	0.0015	0.0015	0.0023	0.0012	0.0015	0.0013	0.0005	0.0017	0.0024	0.0021	0.002	0.0018	0.0028	0.0015	0.0025	0.0022	0.0013	0.0026	0.0035	0.0066	0.0063	0.0039	0.0041	0.0036	0.0042	0.0035
Hex1Cer(d18:1_24:1)+H	0.004	0.0035	0.0042	0.0025	0.0034	0.0029	0.0008	0.0042	0.006	0.0052	0.0046	0.0046	0.0061	0.0045	0.0077	0.0057	0.0039	0.0067	0.0092	0.0199	0.0149	0.0093	0.0105	0.0091	0.0109	0.0098
Hex1Cer(d18:1_24:2)+H	0.0004	0.0004	0.0004	0.0003	0.0004	0.0003	0.0001	0.0004	0.0006	0.0006	0.0008	0.0008	0.0011	0.0008	0.0014	0.0012	0.0007	0.0012	0.0016	0.0038	0.0026	0.0015	0.0019	0.0016	0.002	0.0017
PI(16:0_18:2)-H	0.0272	0.0418	0.0669	0.0287	0.044	0.0373	0.0088	0.0411	0.0544	0.0608	0.0415	0.0235	0.0287	0.0617	0.0508	0.0135	0.0213	0.016	0.041	0.0658	0.0711	0.0728	0.0513	0.0525	0.0291	0.034
PI(34:2p)-H	0.0008	0.001	0.0023	0.0009	0.0014	0.0011	0.0003	0.0014	0.0013	0.0019	0	0.0005	0.0009	0.0003	0.0003	0.0002	0.0002	0.0005	0.0015	0.0014	0.0022	0.0022	0.0011	0.0012	0.0007	0.0011
PI(18:0_18:1)-H	0.011	0.0009	0.0477	0.0023	0.011	0.0002	0.0002	0.0052	0.0063	0.0048	0	0.0002	0.0023	0.0007	0.0034	0.001	0.0005	0.0005	0.0028	0.0264	0.0049	0.0042	0.0058	0.0015	0.0014	0.0027
PI(18:0_18:2)-H	0.0463	0.0739	0.1222	0.0496	0.0891	0.0574	0.0173	0.0622	0.0893	0.1339	0	0.0297	0.0398	0.0563	0.0595	0.0145	0.0179	0.02	0.0411	0.0968	0.0904	0.093	0.1	0.0795	0.0379	0.0524
PI(16:0_20:4)-H	0.0932	0.1455	0.2649	0.0829	0.1223	0.1038	0.0276	0.1412	0.1713	0.1822	0.1517	0.0906	0.0746	0.2655	0.2191	0.0431	0.0664	0.0435	0.1396	0.1949	0.3365	0.3076	0.181	0.1808	0.1293	0.1291
PI(37:1)-H	0.0129	0.0038	0.0046	0.0051	0.0044	0.0011	0.0071	0.0006	0.0164	0.0062	0	0.0033	0.0036	0.0276	0.0333	0.0022	0.0063	0.0019	0.0118	0.0063	0.0018	0.0107	0.0029	0.0054	0.0062	0.0027
PI(18:0_20:3)-H	0.0512	0.0569	0.0881	0.0321	0.0571	0.0519	0.0127	0.0703	0.0968	0.0751	0.0588	0.0363	0.0264	0.0892	0.1002	0.0188	0.0236	0.0234	0.0683	0.0509	0.1026	0.1281	0.0646	0.0671	0.0409	0.0478
PI(20:3_18:0)-H	0.0606	0.0459	0.099	0.0187	0.0258	0.0269	0.0089	0.0527	0.0622	0.036	0.0284	0.0217	0.0135	0.0359	0.0463	0.0091	0.0157	0.0184	0.0341	0.069	0.0882	0.0789	0.0436	0.0304	0.0272	0.0282
PI(16:0_22:6)-H	0.0084	0.0149	0.0314	0.0079	0.0123	0.01	0.0025	0.0147	0.0179	0.0204	0.0148	0.0092	0.0113	0.0319	0.0236	0.005	0.0092	0.0054	0.0166	0.0194	0.0273	0.0347	0.0196	0.0215	0.0115	0.0117
PI(18:0_22:6)-H	0.0128	0.0156	0.0332	0.0093	0.0181	0.011	0.0053	0.0208	0.0256	0.0267	0	0.014	0.0178	0.0361	0.0404	0.0121	0.013	0.0061	0.0204	0.0196	0.0248	0.0302	0.0192	0.0221	0.0119	0.0154
Hex1Cer(d18:1_16:0)+HCOO	0.0033	0.0036	0.0061	0.0022	0.0038	0.0025	0.0005	0.0048	0.0057	0.0059	0.0246	0.028	0.031	0.052	0.0852	0.0326	0.0174	0.0185	0.0349	0.1187	0.0641	0.0254	0.0343	0.0313	0.0365	0.0344
Hex1Cer(d18:1_18:0)+HCOO	0.0004	0.0002	0.0003	0.0003	0.0003	0.0003	0.0001	0.0004	0.0007	0.0004	0	0.001	0.0017	0.0008	0.0014	0.0016	0.0008	0.0015	0.0017	0.0035	0.0019	0.0012	0.0015	0.0015	0.0017	0.0017
Hex1Cer(d18:1_20:0)+HCOO	0.0004	0.0003	0.0005	0.0003	0.0003	0.0003	0.0001	0.0005	0.0007	0.0004	0.0008	0.0008	0.0013	0.0006	0.0012	0.0011	0.0006	0.0014	0.0018	0.0034	0.0023	0.0017	0.0018	0.0016	0.0019	0.0017
Hex1Cer(d18:1_22:0)+HCOO	0.0023	0.0019	0.0037	0.0016	0.0021	0.0018	0.0005	0.0026	0.0037	0.0028	0	0.002	0.0034	0.0019	0.0028	0.0025	0.0015	0.0029	0.005	0.0075	0.0068	0.0054	0.0045	0.004	0.0048	0.0044
Hex1Cer(d41:1)+HCOO	0.001	0.001	0.0019	0.0008	0.001	0.0009	0.0003	0.0012	0.0019	0.0014	0	0.0004	0.0007	0.0005	0.0007	0.0004	0.0003	0.0006	0.0014	0.0018	0.0019	0.0018	0.0012	0.0011	0.001	0.0011
Hex1Cer(d42:1)+HCOO	0	0	0	0	0	0	0	0	0	0	0	0.0001	0.0002	0.0001	0.0002	0.0002	0.0001	0.0002	0.0002	0.0005	0.0003	0.0002	0.0002	0.0002	0.0002	0.0002
Hex1Cer(d18:1_24:0)+HCOO	0.0018	0.0018	0.0032	0.0015	0.0019	0.0017	0.0005	0.0021	0.0029	0.0026	0.0025	0.002	0.0036	0.0018	0.0032	0.0025	0.0015	0.0031	0.0048	0.0078	0.0066	0.005	0.0047	0.0043	0.0049	0.0045
Hex1Cer(d18:1_24:1)+HCOO	0.0052	0.0046	0.0062	0.0035	0.005	0.0038	0.0011	0.0058	0.0078	0.0071	0.0064	0.0059	0.0085	0.0062	0.0109	0.0062	0.0052	0.007	0.0137	0.0242	0.0189	0.0138	0.0131	0.0122	0.0135	0.0129
Hex1Cer(d18:1_24:2)+HCOO	0.0005	0.0005	0.0006	0.0003	0.0005	0.0004	0.0001	0.0005	0.0008	0.0006	0	0.0011	0.0015	0.0011	0.0018	0.0014	0.0008	0.0017	0.0023	0.0055	0.0036	0.0022	0.0026	0.0022	0.0028	0.0023
